# offlineChannelIndex,barIndex,SiPM,sectorName,moduleNumber,side,ROC,ROCport,FEBchannel
0,0,0,CRV_EX,0,-,1,1,0
1,0,1,CRV_EX,0,+,1,3,0
2,0,2,CRV_EX,0,-,1,1,1
3,0,3,CRV_EX,0,+,1,3,1
4,1,0,CRV_EX,0,-,1,1,2
5,1,1,CRV_EX,0,+,1,3,2
6,1,2,CRV_EX,0,-,1,1,3
7,1,3,CRV_EX,0,+,1,3,3
8,2,0,CRV_EX,0,-,1,1,4
9,2,1,CRV_EX,0,+,1,3,4
10,2,2,CRV_EX,0,-,1,1,5
11,2,3,CRV_EX,0,+,1,3,5
12,3,0,CRV_EX,0,-,1,1,6
13,3,1,CRV_EX,0,+,1,3,6
14,3,2,CRV_EX,0,-,1,1,7
15,3,3,CRV_EX,0,+,1,3,7
16,4,0,CRV_EX,0,-,1,1,8
17,4,1,CRV_EX,0,+,1,3,8
18,4,2,CRV_EX,0,-,1,1,9
19,4,3,CRV_EX,0,+,1,3,9
20,5,0,CRV_EX,0,-,1,1,10
21,5,1,CRV_EX,0,+,1,3,10
22,5,2,CRV_EX,0,-,1,1,11
23,5,3,CRV_EX,0,+,1,3,11
24,6,0,CRV_EX,0,-,1,1,12
25,6,1,CRV_EX,0,+,1,3,12
26,6,2,CRV_EX,0,-,1,1,13
27,6,3,CRV_EX,0,+,1,3,13
28,7,0,CRV_EX,0,-,1,1,14
29,7,1,CRV_EX,0,+,1,3,14
30,7,2,CRV_EX,0,-,1,1,15
31,7,3,CRV_EX,0,+,1,3,15
32,8,0,CRV_EX,0,-,1,1,16
33,8,1,CRV_EX,0,+,1,3,16
34,8,2,CRV_EX,0,-,1,1,17
35,8,3,CRV_EX,0,+,1,3,17
36,9,0,CRV_EX,0,-,1,1,18
37,9,1,CRV_EX,0,+,1,3,18
38,9,2,CRV_EX,0,-,1,1,19
39,9,3,CRV_EX,0,+,1,3,19
40,10,0,CRV_EX,0,-,1,1,20
41,10,1,CRV_EX,0,+,1,3,20
42,10,2,CRV_EX,0,-,1,1,21
43,10,3,CRV_EX,0,+,1,3,21
44,11,0,CRV_EX,0,-,1,1,22
45,11,1,CRV_EX,0,+,1,3,22
46,11,2,CRV_EX,0,-,1,1,23
47,11,3,CRV_EX,0,+,1,3,23
48,12,0,CRV_EX,0,-,1,1,24
49,12,1,CRV_EX,0,+,1,3,24
50,12,2,CRV_EX,0,-,1,1,25
51,12,3,CRV_EX,0,+,1,3,25
52,13,0,CRV_EX,0,-,1,1,26
53,13,1,CRV_EX,0,+,1,3,26
54,13,2,CRV_EX,0,-,1,1,27
55,13,3,CRV_EX,0,+,1,3,27
56,14,0,CRV_EX,0,-,1,1,28
57,14,1,CRV_EX,0,+,1,3,28
58,14,2,CRV_EX,0,-,1,1,29
59,14,3,CRV_EX,0,+,1,3,29
60,15,0,CRV_EX,0,-,1,1,30
61,15,1,CRV_EX,0,+,1,3,30
62,15,2,CRV_EX,0,-,1,1,31
63,15,3,CRV_EX,0,+,1,3,31
64,16,0,CRV_EX,0,-,1,1,32
65,16,1,CRV_EX,0,+,1,3,32
66,16,2,CRV_EX,0,-,1,1,33
67,16,3,CRV_EX,0,+,1,3,33
68,17,0,CRV_EX,0,-,1,1,34
69,17,1,CRV_EX,0,+,1,3,34
70,17,2,CRV_EX,0,-,1,1,35
71,17,3,CRV_EX,0,+,1,3,35
72,18,0,CRV_EX,0,-,1,1,36
73,18,1,CRV_EX,0,+,1,3,36
74,18,2,CRV_EX,0,-,1,1,37
75,18,3,CRV_EX,0,+,1,3,37
76,19,0,CRV_EX,0,-,1,1,38
77,19,1,CRV_EX,0,+,1,3,38
78,19,2,CRV_EX,0,-,1,1,39
79,19,3,CRV_EX,0,+,1,3,39
80,20,0,CRV_EX,0,-,1,1,40
81,20,1,CRV_EX,0,+,1,3,40
82,20,2,CRV_EX,0,-,1,1,41
83,20,3,CRV_EX,0,+,1,3,41
84,21,0,CRV_EX,0,-,1,1,42
85,21,1,CRV_EX,0,+,1,3,42
86,21,2,CRV_EX,0,-,1,1,43
87,21,3,CRV_EX,0,+,1,3,43
88,22,0,CRV_EX,0,-,1,1,44
89,22,1,CRV_EX,0,+,1,3,44
90,22,2,CRV_EX,0,-,1,1,45
91,22,3,CRV_EX,0,+,1,3,45
92,23,0,CRV_EX,0,-,1,1,46
93,23,1,CRV_EX,0,+,1,3,46
94,23,2,CRV_EX,0,-,1,1,47
95,23,3,CRV_EX,0,+,1,3,47
96,24,0,CRV_EX,0,-,1,1,48
97,24,1,CRV_EX,0,+,1,3,48
98,24,2,CRV_EX,0,-,1,1,49
99,24,3,CRV_EX,0,+,1,3,49
100,25,0,CRV_EX,0,-,1,1,50
101,25,1,CRV_EX,0,+,1,3,50
102,25,2,CRV_EX,0,-,1,1,51
103,25,3,CRV_EX,0,+,1,3,51
104,26,0,CRV_EX,0,-,1,1,52
105,26,1,CRV_EX,0,+,1,3,52
106,26,2,CRV_EX,0,-,1,1,53
107,26,3,CRV_EX,0,+,1,3,53
108,27,0,CRV_EX,0,-,1,1,54
109,27,1,CRV_EX,0,+,1,3,54
110,27,2,CRV_EX,0,-,1,1,55
111,27,3,CRV_EX,0,+,1,3,55
112,28,0,CRV_EX,0,-,1,1,56
113,28,1,CRV_EX,0,+,1,3,56
114,28,2,CRV_EX,0,-,1,1,57
115,28,3,CRV_EX,0,+,1,3,57
116,29,0,CRV_EX,0,-,1,1,58
117,29,1,CRV_EX,0,+,1,3,58
118,29,2,CRV_EX,0,-,1,1,59
119,29,3,CRV_EX,0,+,1,3,59
120,30,0,CRV_EX,0,-,1,1,60
121,30,1,CRV_EX,0,+,1,3,60
122,30,2,CRV_EX,0,-,1,1,61
123,30,3,CRV_EX,0,+,1,3,61
124,31,0,CRV_EX,0,-,1,1,62
125,31,1,CRV_EX,0,+,1,3,62
126,31,2,CRV_EX,0,-,1,1,63
127,31,3,CRV_EX,0,+,1,3,63
128,32,0,CRV_EX,0,-,2,5,0
129,32,1,CRV_EX,0,+,1,4,0
130,32,2,CRV_EX,0,-,2,5,1
131,32,3,CRV_EX,0,+,1,4,1
132,33,0,CRV_EX,0,-,2,5,2
133,33,1,CRV_EX,0,+,1,4,2
134,33,2,CRV_EX,0,-,2,5,3
135,33,3,CRV_EX,0,+,1,4,3
136,34,0,CRV_EX,0,-,2,5,4
137,34,1,CRV_EX,0,+,1,4,4
138,34,2,CRV_EX,0,-,2,5,5
139,34,3,CRV_EX,0,+,1,4,5
140,35,0,CRV_EX,0,-,2,5,6
141,35,1,CRV_EX,0,+,1,4,6
142,35,2,CRV_EX,0,-,2,5,7
143,35,3,CRV_EX,0,+,1,4,7
144,36,0,CRV_EX,0,-,2,5,8
145,36,1,CRV_EX,0,+,1,4,8
146,36,2,CRV_EX,0,-,2,5,9
147,36,3,CRV_EX,0,+,1,4,9
148,37,0,CRV_EX,0,-,2,5,10
149,37,1,CRV_EX,0,+,1,4,10
150,37,2,CRV_EX,0,-,2,5,11
151,37,3,CRV_EX,0,+,1,4,11
152,38,0,CRV_EX,0,-,2,5,12
153,38,1,CRV_EX,0,+,1,4,12
154,38,2,CRV_EX,0,-,2,5,13
155,38,3,CRV_EX,0,+,1,4,13
156,39,0,CRV_EX,0,-,2,5,14
157,39,1,CRV_EX,0,+,1,4,14
158,39,2,CRV_EX,0,-,2,5,15
159,39,3,CRV_EX,0,+,1,4,15
160,40,0,CRV_EX,0,-,2,5,16
161,40,1,CRV_EX,0,+,1,4,16
162,40,2,CRV_EX,0,-,2,5,17
163,40,3,CRV_EX,0,+,1,4,17
164,41,0,CRV_EX,0,-,2,5,18
165,41,1,CRV_EX,0,+,1,4,18
166,41,2,CRV_EX,0,-,2,5,19
167,41,3,CRV_EX,0,+,1,4,19
168,42,0,CRV_EX,0,-,2,5,20
169,42,1,CRV_EX,0,+,1,4,20
170,42,2,CRV_EX,0,-,2,5,21
171,42,3,CRV_EX,0,+,1,4,21
172,43,0,CRV_EX,0,-,2,5,22
173,43,1,CRV_EX,0,+,1,4,22
174,43,2,CRV_EX,0,-,2,5,23
175,43,3,CRV_EX,0,+,1,4,23
176,44,0,CRV_EX,0,-,2,5,24
177,44,1,CRV_EX,0,+,1,4,24
178,44,2,CRV_EX,0,-,2,5,25
179,44,3,CRV_EX,0,+,1,4,25
180,45,0,CRV_EX,0,-,2,5,26
181,45,1,CRV_EX,0,+,1,4,26
182,45,2,CRV_EX,0,-,2,5,27
183,45,3,CRV_EX,0,+,1,4,27
184,46,0,CRV_EX,0,-,2,5,28
185,46,1,CRV_EX,0,+,1,4,28
186,46,2,CRV_EX,0,-,2,5,29
187,46,3,CRV_EX,0,+,1,4,29
188,47,0,CRV_EX,0,-,2,5,30
189,47,1,CRV_EX,0,+,1,4,30
190,47,2,CRV_EX,0,-,2,5,31
191,47,3,CRV_EX,0,+,1,4,31
192,48,0,CRV_EX,0,-,2,5,32
193,48,1,CRV_EX,0,+,1,4,32
194,48,2,CRV_EX,0,-,2,5,33
195,48,3,CRV_EX,0,+,1,4,33
196,49,0,CRV_EX,0,-,2,5,34
197,49,1,CRV_EX,0,+,1,4,34
198,49,2,CRV_EX,0,-,2,5,35
199,49,3,CRV_EX,0,+,1,4,35
200,50,0,CRV_EX,0,-,2,5,36
201,50,1,CRV_EX,0,+,1,4,36
202,50,2,CRV_EX,0,-,2,5,37
203,50,3,CRV_EX,0,+,1,4,37
204,51,0,CRV_EX,0,-,2,5,38
205,51,1,CRV_EX,0,+,1,4,38
206,51,2,CRV_EX,0,-,2,5,39
207,51,3,CRV_EX,0,+,1,4,39
208,52,0,CRV_EX,0,-,2,5,40
209,52,1,CRV_EX,0,+,1,4,40
210,52,2,CRV_EX,0,-,2,5,41
211,52,3,CRV_EX,0,+,1,4,41
212,53,0,CRV_EX,0,-,2,5,42
213,53,1,CRV_EX,0,+,1,4,42
214,53,2,CRV_EX,0,-,2,5,43
215,53,3,CRV_EX,0,+,1,4,43
216,54,0,CRV_EX,0,-,2,5,44
217,54,1,CRV_EX,0,+,1,4,44
218,54,2,CRV_EX,0,-,2,5,45
219,54,3,CRV_EX,0,+,1,4,45
220,55,0,CRV_EX,0,-,2,5,46
221,55,1,CRV_EX,0,+,1,4,46
222,55,2,CRV_EX,0,-,2,5,47
223,55,3,CRV_EX,0,+,1,4,47
224,56,0,CRV_EX,0,-,2,5,48
225,56,1,CRV_EX,0,+,1,4,48
226,56,2,CRV_EX,0,-,2,5,49
227,56,3,CRV_EX,0,+,1,4,49
228,57,0,CRV_EX,0,-,2,5,50
229,57,1,CRV_EX,0,+,1,4,50
230,57,2,CRV_EX,0,-,2,5,51
231,57,3,CRV_EX,0,+,1,4,51
232,58,0,CRV_EX,0,-,2,5,52
233,58,1,CRV_EX,0,+,1,4,52
234,58,2,CRV_EX,0,-,2,5,53
235,58,3,CRV_EX,0,+,1,4,53
236,59,0,CRV_EX,0,-,2,5,54
237,59,1,CRV_EX,0,+,1,4,54
238,59,2,CRV_EX,0,-,2,5,55
239,59,3,CRV_EX,0,+,1,4,55
240,60,0,CRV_EX,0,-,2,5,56
241,60,1,CRV_EX,0,+,1,4,56
242,60,2,CRV_EX,0,-,2,5,57
243,60,3,CRV_EX,0,+,1,4,57
244,61,0,CRV_EX,0,-,2,5,58
245,61,1,CRV_EX,0,+,1,4,58
246,61,2,CRV_EX,0,-,2,5,59
247,61,3,CRV_EX,0,+,1,4,59
248,62,0,CRV_EX,0,-,2,5,60
249,62,1,CRV_EX,0,+,1,4,60
250,62,2,CRV_EX,0,-,2,5,61
251,62,3,CRV_EX,0,+,1,4,61
252,63,0,CRV_EX,0,-,2,5,62
253,63,1,CRV_EX,0,+,1,4,62
254,63,2,CRV_EX,0,-,2,5,63
255,63,3,CRV_EX,0,+,1,4,63
256,64,0,CRV_EX,1,-,1,5,0
257,64,1,CRV_EX,1,+,1,7,0
258,64,2,CRV_EX,1,-,1,5,1
259,64,3,CRV_EX,1,+,1,7,1
260,65,0,CRV_EX,1,-,1,5,2
261,65,1,CRV_EX,1,+,1,7,2
262,65,2,CRV_EX,1,-,1,5,3
263,65,3,CRV_EX,1,+,1,7,3
264,66,0,CRV_EX,1,-,1,5,4
265,66,1,CRV_EX,1,+,1,7,4
266,66,2,CRV_EX,1,-,1,5,5
267,66,3,CRV_EX,1,+,1,7,5
268,67,0,CRV_EX,1,-,1,5,6
269,67,1,CRV_EX,1,+,1,7,6
270,67,2,CRV_EX,1,-,1,5,7
271,67,3,CRV_EX,1,+,1,7,7
272,68,0,CRV_EX,1,-,1,5,8
273,68,1,CRV_EX,1,+,1,7,8
274,68,2,CRV_EX,1,-,1,5,9
275,68,3,CRV_EX,1,+,1,7,9
276,69,0,CRV_EX,1,-,1,5,10
277,69,1,CRV_EX,1,+,1,7,10
278,69,2,CRV_EX,1,-,1,5,11
279,69,3,CRV_EX,1,+,1,7,11
280,70,0,CRV_EX,1,-,1,5,12
281,70,1,CRV_EX,1,+,1,7,12
282,70,2,CRV_EX,1,-,1,5,13
283,70,3,CRV_EX,1,+,1,7,13
284,71,0,CRV_EX,1,-,1,5,14
285,71,1,CRV_EX,1,+,1,7,14
286,71,2,CRV_EX,1,-,1,5,15
287,71,3,CRV_EX,1,+,1,7,15
288,72,0,CRV_EX,1,-,1,5,16
289,72,1,CRV_EX,1,+,1,7,16
290,72,2,CRV_EX,1,-,1,5,17
291,72,3,CRV_EX,1,+,1,7,17
292,73,0,CRV_EX,1,-,1,5,18
293,73,1,CRV_EX,1,+,1,7,18
294,73,2,CRV_EX,1,-,1,5,19
295,73,3,CRV_EX,1,+,1,7,19
296,74,0,CRV_EX,1,-,1,5,20
297,74,1,CRV_EX,1,+,1,7,20
298,74,2,CRV_EX,1,-,1,5,21
299,74,3,CRV_EX,1,+,1,7,21
300,75,0,CRV_EX,1,-,1,5,22
301,75,1,CRV_EX,1,+,1,7,22
302,75,2,CRV_EX,1,-,1,5,23
303,75,3,CRV_EX,1,+,1,7,23
304,76,0,CRV_EX,1,-,1,5,24
305,76,1,CRV_EX,1,+,1,7,24
306,76,2,CRV_EX,1,-,1,5,25
307,76,3,CRV_EX,1,+,1,7,25
308,77,0,CRV_EX,1,-,1,5,26
309,77,1,CRV_EX,1,+,1,7,26
310,77,2,CRV_EX,1,-,1,5,27
311,77,3,CRV_EX,1,+,1,7,27
312,78,0,CRV_EX,1,-,1,5,28
313,78,1,CRV_EX,1,+,1,7,28
314,78,2,CRV_EX,1,-,1,5,29
315,78,3,CRV_EX,1,+,1,7,29
316,79,0,CRV_EX,1,-,1,5,30
317,79,1,CRV_EX,1,+,1,7,30
318,79,2,CRV_EX,1,-,1,5,31
319,79,3,CRV_EX,1,+,1,7,31
320,80,0,CRV_EX,1,-,1,5,32
321,80,1,CRV_EX,1,+,1,7,32
322,80,2,CRV_EX,1,-,1,5,33
323,80,3,CRV_EX,1,+,1,7,33
324,81,0,CRV_EX,1,-,1,5,34
325,81,1,CRV_EX,1,+,1,7,34
326,81,2,CRV_EX,1,-,1,5,35
327,81,3,CRV_EX,1,+,1,7,35
328,82,0,CRV_EX,1,-,1,5,36
329,82,1,CRV_EX,1,+,1,7,36
330,82,2,CRV_EX,1,-,1,5,37
331,82,3,CRV_EX,1,+,1,7,37
332,83,0,CRV_EX,1,-,1,5,38
333,83,1,CRV_EX,1,+,1,7,38
334,83,2,CRV_EX,1,-,1,5,39
335,83,3,CRV_EX,1,+,1,7,39
336,84,0,CRV_EX,1,-,1,5,40
337,84,1,CRV_EX,1,+,1,7,40
338,84,2,CRV_EX,1,-,1,5,41
339,84,3,CRV_EX,1,+,1,7,41
340,85,0,CRV_EX,1,-,1,5,42
341,85,1,CRV_EX,1,+,1,7,42
342,85,2,CRV_EX,1,-,1,5,43
343,85,3,CRV_EX,1,+,1,7,43
344,86,0,CRV_EX,1,-,1,5,44
345,86,1,CRV_EX,1,+,1,7,44
346,86,2,CRV_EX,1,-,1,5,45
347,86,3,CRV_EX,1,+,1,7,45
348,87,0,CRV_EX,1,-,1,5,46
349,87,1,CRV_EX,1,+,1,7,46
350,87,2,CRV_EX,1,-,1,5,47
351,87,3,CRV_EX,1,+,1,7,47
352,88,0,CRV_EX,1,-,1,5,48
353,88,1,CRV_EX,1,+,1,7,48
354,88,2,CRV_EX,1,-,1,5,49
355,88,3,CRV_EX,1,+,1,7,49
356,89,0,CRV_EX,1,-,1,5,50
357,89,1,CRV_EX,1,+,1,7,50
358,89,2,CRV_EX,1,-,1,5,51
359,89,3,CRV_EX,1,+,1,7,51
360,90,0,CRV_EX,1,-,1,5,52
361,90,1,CRV_EX,1,+,1,7,52
362,90,2,CRV_EX,1,-,1,5,53
363,90,3,CRV_EX,1,+,1,7,53
364,91,0,CRV_EX,1,-,1,5,54
365,91,1,CRV_EX,1,+,1,7,54
366,91,2,CRV_EX,1,-,1,5,55
367,91,3,CRV_EX,1,+,1,7,55
368,92,0,CRV_EX,1,-,1,5,56
369,92,1,CRV_EX,1,+,1,7,56
370,92,2,CRV_EX,1,-,1,5,57
371,92,3,CRV_EX,1,+,1,7,57
372,93,0,CRV_EX,1,-,1,5,58
373,93,1,CRV_EX,1,+,1,7,58
374,93,2,CRV_EX,1,-,1,5,59
375,93,3,CRV_EX,1,+,1,7,59
376,94,0,CRV_EX,1,-,1,5,60
377,94,1,CRV_EX,1,+,1,7,60
378,94,2,CRV_EX,1,-,1,5,61
379,94,3,CRV_EX,1,+,1,7,61
380,95,0,CRV_EX,1,-,1,5,62
381,95,1,CRV_EX,1,+,1,7,62
382,95,2,CRV_EX,1,-,1,5,63
383,95,3,CRV_EX,1,+,1,7,63
384,96,0,CRV_EX,1,-,1,6,0
385,96,1,CRV_EX,1,+,1,8,0
386,96,2,CRV_EX,1,-,1,6,1
387,96,3,CRV_EX,1,+,1,8,1
388,97,0,CRV_EX,1,-,1,6,2
389,97,1,CRV_EX,1,+,1,8,2
390,97,2,CRV_EX,1,-,1,6,3
391,97,3,CRV_EX,1,+,1,8,3
392,98,0,CRV_EX,1,-,1,6,4
393,98,1,CRV_EX,1,+,1,8,4
394,98,2,CRV_EX,1,-,1,6,5
395,98,3,CRV_EX,1,+,1,8,5
396,99,0,CRV_EX,1,-,1,6,6
397,99,1,CRV_EX,1,+,1,8,6
398,99,2,CRV_EX,1,-,1,6,7
399,99,3,CRV_EX,1,+,1,8,7
400,100,0,CRV_EX,1,-,1,6,8
401,100,1,CRV_EX,1,+,1,8,8
402,100,2,CRV_EX,1,-,1,6,9
403,100,3,CRV_EX,1,+,1,8,9
404,101,0,CRV_EX,1,-,1,6,10
405,101,1,CRV_EX,1,+,1,8,10
406,101,2,CRV_EX,1,-,1,6,11
407,101,3,CRV_EX,1,+,1,8,11
408,102,0,CRV_EX,1,-,1,6,12
409,102,1,CRV_EX,1,+,1,8,12
410,102,2,CRV_EX,1,-,1,6,13
411,102,3,CRV_EX,1,+,1,8,13
412,103,0,CRV_EX,1,-,1,6,14
413,103,1,CRV_EX,1,+,1,8,14
414,103,2,CRV_EX,1,-,1,6,15
415,103,3,CRV_EX,1,+,1,8,15
416,104,0,CRV_EX,1,-,1,6,16
417,104,1,CRV_EX,1,+,1,8,16
418,104,2,CRV_EX,1,-,1,6,17
419,104,3,CRV_EX,1,+,1,8,17
420,105,0,CRV_EX,1,-,1,6,18
421,105,1,CRV_EX,1,+,1,8,18
422,105,2,CRV_EX,1,-,1,6,19
423,105,3,CRV_EX,1,+,1,8,19
424,106,0,CRV_EX,1,-,1,6,20
425,106,1,CRV_EX,1,+,1,8,20
426,106,2,CRV_EX,1,-,1,6,21
427,106,3,CRV_EX,1,+,1,8,21
428,107,0,CRV_EX,1,-,1,6,22
429,107,1,CRV_EX,1,+,1,8,22
430,107,2,CRV_EX,1,-,1,6,23
431,107,3,CRV_EX,1,+,1,8,23
432,108,0,CRV_EX,1,-,1,6,24
433,108,1,CRV_EX,1,+,1,8,24
434,108,2,CRV_EX,1,-,1,6,25
435,108,3,CRV_EX,1,+,1,8,25
436,109,0,CRV_EX,1,-,1,6,26
437,109,1,CRV_EX,1,+,1,8,26
438,109,2,CRV_EX,1,-,1,6,27
439,109,3,CRV_EX,1,+,1,8,27
440,110,0,CRV_EX,1,-,1,6,28
441,110,1,CRV_EX,1,+,1,8,28
442,110,2,CRV_EX,1,-,1,6,29
443,110,3,CRV_EX,1,+,1,8,29
444,111,0,CRV_EX,1,-,1,6,30
445,111,1,CRV_EX,1,+,1,8,30
446,111,2,CRV_EX,1,-,1,6,31
447,111,3,CRV_EX,1,+,1,8,31
448,112,0,CRV_EX,1,-,1,6,32
449,112,1,CRV_EX,1,+,1,8,32
450,112,2,CRV_EX,1,-,1,6,33
451,112,3,CRV_EX,1,+,1,8,33
452,113,0,CRV_EX,1,-,1,6,34
453,113,1,CRV_EX,1,+,1,8,34
454,113,2,CRV_EX,1,-,1,6,35
455,113,3,CRV_EX,1,+,1,8,35
456,114,0,CRV_EX,1,-,1,6,36
457,114,1,CRV_EX,1,+,1,8,36
458,114,2,CRV_EX,1,-,1,6,37
459,114,3,CRV_EX,1,+,1,8,37
460,115,0,CRV_EX,1,-,1,6,38
461,115,1,CRV_EX,1,+,1,8,38
462,115,2,CRV_EX,1,-,1,6,39
463,115,3,CRV_EX,1,+,1,8,39
464,116,0,CRV_EX,1,-,1,6,40
465,116,1,CRV_EX,1,+,1,8,40
466,116,2,CRV_EX,1,-,1,6,41
467,116,3,CRV_EX,1,+,1,8,41
468,117,0,CRV_EX,1,-,1,6,42
469,117,1,CRV_EX,1,+,1,8,42
470,117,2,CRV_EX,1,-,1,6,43
471,117,3,CRV_EX,1,+,1,8,43
472,118,0,CRV_EX,1,-,1,6,44
473,118,1,CRV_EX,1,+,1,8,44
474,118,2,CRV_EX,1,-,1,6,45
475,118,3,CRV_EX,1,+,1,8,45
476,119,0,CRV_EX,1,-,1,6,46
477,119,1,CRV_EX,1,+,1,8,46
478,119,2,CRV_EX,1,-,1,6,47
479,119,3,CRV_EX,1,+,1,8,47
480,120,0,CRV_EX,1,-,1,6,48
481,120,1,CRV_EX,1,+,1,8,48
482,120,2,CRV_EX,1,-,1,6,49
483,120,3,CRV_EX,1,+,1,8,49
484,121,0,CRV_EX,1,-,1,6,50
485,121,1,CRV_EX,1,+,1,8,50
486,121,2,CRV_EX,1,-,1,6,51
487,121,3,CRV_EX,1,+,1,8,51
488,122,0,CRV_EX,1,-,1,6,52
489,122,1,CRV_EX,1,+,1,8,52
490,122,2,CRV_EX,1,-,1,6,53
491,122,3,CRV_EX,1,+,1,8,53
492,123,0,CRV_EX,1,-,1,6,54
493,123,1,CRV_EX,1,+,1,8,54
494,123,2,CRV_EX,1,-,1,6,55
495,123,3,CRV_EX,1,+,1,8,55
496,124,0,CRV_EX,1,-,1,6,56
497,124,1,CRV_EX,1,+,1,8,56
498,124,2,CRV_EX,1,-,1,6,57
499,124,3,CRV_EX,1,+,1,8,57
500,125,0,CRV_EX,1,-,1,6,58
501,125,1,CRV_EX,1,+,1,8,58
502,125,2,CRV_EX,1,-,1,6,59
503,125,3,CRV_EX,1,+,1,8,59
504,126,0,CRV_EX,1,-,1,6,60
505,126,1,CRV_EX,1,+,1,8,60
506,126,2,CRV_EX,1,-,1,6,61
507,126,3,CRV_EX,1,+,1,8,61
508,127,0,CRV_EX,1,-,1,6,62
509,127,1,CRV_EX,1,+,1,8,62
510,127,2,CRV_EX,1,-,1,6,63
511,127,3,CRV_EX,1,+,1,8,63
512,128,0,CRV_EX,2,-,1,9,0
513,128,1,CRV_EX,2,+,1,11,0
514,128,2,CRV_EX,2,-,1,9,1
515,128,3,CRV_EX,2,+,1,11,1
516,129,0,CRV_EX,2,-,1,9,2
517,129,1,CRV_EX,2,+,1,11,2
518,129,2,CRV_EX,2,-,1,9,3
519,129,3,CRV_EX,2,+,1,11,3
520,130,0,CRV_EX,2,-,1,9,4
521,130,1,CRV_EX,2,+,1,11,4
522,130,2,CRV_EX,2,-,1,9,5
523,130,3,CRV_EX,2,+,1,11,5
524,131,0,CRV_EX,2,-,1,9,6
525,131,1,CRV_EX,2,+,1,11,6
526,131,2,CRV_EX,2,-,1,9,7
527,131,3,CRV_EX,2,+,1,11,7
528,132,0,CRV_EX,2,-,1,9,8
529,132,1,CRV_EX,2,+,1,11,8
530,132,2,CRV_EX,2,-,1,9,9
531,132,3,CRV_EX,2,+,1,11,9
532,133,0,CRV_EX,2,-,1,9,10
533,133,1,CRV_EX,2,+,1,11,10
534,133,2,CRV_EX,2,-,1,9,11
535,133,3,CRV_EX,2,+,1,11,11
536,134,0,CRV_EX,2,-,1,9,12
537,134,1,CRV_EX,2,+,1,11,12
538,134,2,CRV_EX,2,-,1,9,13
539,134,3,CRV_EX,2,+,1,11,13
540,135,0,CRV_EX,2,-,1,9,14
541,135,1,CRV_EX,2,+,1,11,14
542,135,2,CRV_EX,2,-,1,9,15
543,135,3,CRV_EX,2,+,1,11,15
544,136,0,CRV_EX,2,-,1,9,16
545,136,1,CRV_EX,2,+,1,11,16
546,136,2,CRV_EX,2,-,1,9,17
547,136,3,CRV_EX,2,+,1,11,17
548,137,0,CRV_EX,2,-,1,9,18
549,137,1,CRV_EX,2,+,1,11,18
550,137,2,CRV_EX,2,-,1,9,19
551,137,3,CRV_EX,2,+,1,11,19
552,138,0,CRV_EX,2,-,1,9,20
553,138,1,CRV_EX,2,+,1,11,20
554,138,2,CRV_EX,2,-,1,9,21
555,138,3,CRV_EX,2,+,1,11,21
556,139,0,CRV_EX,2,-,1,9,22
557,139,1,CRV_EX,2,+,1,11,22
558,139,2,CRV_EX,2,-,1,9,23
559,139,3,CRV_EX,2,+,1,11,23
560,140,0,CRV_EX,2,-,1,9,24
561,140,1,CRV_EX,2,+,1,11,24
562,140,2,CRV_EX,2,-,1,9,25
563,140,3,CRV_EX,2,+,1,11,25
564,141,0,CRV_EX,2,-,1,9,26
565,141,1,CRV_EX,2,+,1,11,26
566,141,2,CRV_EX,2,-,1,9,27
567,141,3,CRV_EX,2,+,1,11,27
568,142,0,CRV_EX,2,-,1,9,28
569,142,1,CRV_EX,2,+,1,11,28
570,142,2,CRV_EX,2,-,1,9,29
571,142,3,CRV_EX,2,+,1,11,29
572,143,0,CRV_EX,2,-,1,9,30
573,143,1,CRV_EX,2,+,1,11,30
574,143,2,CRV_EX,2,-,1,9,31
575,143,3,CRV_EX,2,+,1,11,31
576,144,0,CRV_EX,2,-,1,9,32
577,144,1,CRV_EX,2,+,1,11,32
578,144,2,CRV_EX,2,-,1,9,33
579,144,3,CRV_EX,2,+,1,11,33
580,145,0,CRV_EX,2,-,1,9,34
581,145,1,CRV_EX,2,+,1,11,34
582,145,2,CRV_EX,2,-,1,9,35
583,145,3,CRV_EX,2,+,1,11,35
584,146,0,CRV_EX,2,-,1,9,36
585,146,1,CRV_EX,2,+,1,11,36
586,146,2,CRV_EX,2,-,1,9,37
587,146,3,CRV_EX,2,+,1,11,37
588,147,0,CRV_EX,2,-,1,9,38
589,147,1,CRV_EX,2,+,1,11,38
590,147,2,CRV_EX,2,-,1,9,39
591,147,3,CRV_EX,2,+,1,11,39
592,148,0,CRV_EX,2,-,1,9,40
593,148,1,CRV_EX,2,+,1,11,40
594,148,2,CRV_EX,2,-,1,9,41
595,148,3,CRV_EX,2,+,1,11,41
596,149,0,CRV_EX,2,-,1,9,42
597,149,1,CRV_EX,2,+,1,11,42
598,149,2,CRV_EX,2,-,1,9,43
599,149,3,CRV_EX,2,+,1,11,43
600,150,0,CRV_EX,2,-,1,9,44
601,150,1,CRV_EX,2,+,1,11,44
602,150,2,CRV_EX,2,-,1,9,45
603,150,3,CRV_EX,2,+,1,11,45
604,151,0,CRV_EX,2,-,1,9,46
605,151,1,CRV_EX,2,+,1,11,46
606,151,2,CRV_EX,2,-,1,9,47
607,151,3,CRV_EX,2,+,1,11,47
608,152,0,CRV_EX,2,-,1,9,48
609,152,1,CRV_EX,2,+,1,11,48
610,152,2,CRV_EX,2,-,1,9,49
611,152,3,CRV_EX,2,+,1,11,49
612,153,0,CRV_EX,2,-,1,9,50
613,153,1,CRV_EX,2,+,1,11,50
614,153,2,CRV_EX,2,-,1,9,51
615,153,3,CRV_EX,2,+,1,11,51
616,154,0,CRV_EX,2,-,1,9,52
617,154,1,CRV_EX,2,+,1,11,52
618,154,2,CRV_EX,2,-,1,9,53
619,154,3,CRV_EX,2,+,1,11,53
620,155,0,CRV_EX,2,-,1,9,54
621,155,1,CRV_EX,2,+,1,11,54
622,155,2,CRV_EX,2,-,1,9,55
623,155,3,CRV_EX,2,+,1,11,55
624,156,0,CRV_EX,2,-,1,9,56
625,156,1,CRV_EX,2,+,1,11,56
626,156,2,CRV_EX,2,-,1,9,57
627,156,3,CRV_EX,2,+,1,11,57
628,157,0,CRV_EX,2,-,1,9,58
629,157,1,CRV_EX,2,+,1,11,58
630,157,2,CRV_EX,2,-,1,9,59
631,157,3,CRV_EX,2,+,1,11,59
632,158,0,CRV_EX,2,-,1,9,60
633,158,1,CRV_EX,2,+,1,11,60
634,158,2,CRV_EX,2,-,1,9,61
635,158,3,CRV_EX,2,+,1,11,61
636,159,0,CRV_EX,2,-,1,9,62
637,159,1,CRV_EX,2,+,1,11,62
638,159,2,CRV_EX,2,-,1,9,63
639,159,3,CRV_EX,2,+,1,11,63
640,160,0,CRV_EX,2,-,1,10,0
641,160,1,CRV_EX,2,+,1,12,0
642,160,2,CRV_EX,2,-,1,10,1
643,160,3,CRV_EX,2,+,1,12,1
644,161,0,CRV_EX,2,-,1,10,2
645,161,1,CRV_EX,2,+,1,12,2
646,161,2,CRV_EX,2,-,1,10,3
647,161,3,CRV_EX,2,+,1,12,3
648,162,0,CRV_EX,2,-,1,10,4
649,162,1,CRV_EX,2,+,1,12,4
650,162,2,CRV_EX,2,-,1,10,5
651,162,3,CRV_EX,2,+,1,12,5
652,163,0,CRV_EX,2,-,1,10,6
653,163,1,CRV_EX,2,+,1,12,6
654,163,2,CRV_EX,2,-,1,10,7
655,163,3,CRV_EX,2,+,1,12,7
656,164,0,CRV_EX,2,-,1,10,8
657,164,1,CRV_EX,2,+,1,12,8
658,164,2,CRV_EX,2,-,1,10,9
659,164,3,CRV_EX,2,+,1,12,9
660,165,0,CRV_EX,2,-,1,10,10
661,165,1,CRV_EX,2,+,1,12,10
662,165,2,CRV_EX,2,-,1,10,11
663,165,3,CRV_EX,2,+,1,12,11
664,166,0,CRV_EX,2,-,1,10,12
665,166,1,CRV_EX,2,+,1,12,12
666,166,2,CRV_EX,2,-,1,10,13
667,166,3,CRV_EX,2,+,1,12,13
668,167,0,CRV_EX,2,-,1,10,14
669,167,1,CRV_EX,2,+,1,12,14
670,167,2,CRV_EX,2,-,1,10,15
671,167,3,CRV_EX,2,+,1,12,15
672,168,0,CRV_EX,2,-,1,10,16
673,168,1,CRV_EX,2,+,1,12,16
674,168,2,CRV_EX,2,-,1,10,17
675,168,3,CRV_EX,2,+,1,12,17
676,169,0,CRV_EX,2,-,1,10,18
677,169,1,CRV_EX,2,+,1,12,18
678,169,2,CRV_EX,2,-,1,10,19
679,169,3,CRV_EX,2,+,1,12,19
680,170,0,CRV_EX,2,-,1,10,20
681,170,1,CRV_EX,2,+,1,12,20
682,170,2,CRV_EX,2,-,1,10,21
683,170,3,CRV_EX,2,+,1,12,21
684,171,0,CRV_EX,2,-,1,10,22
685,171,1,CRV_EX,2,+,1,12,22
686,171,2,CRV_EX,2,-,1,10,23
687,171,3,CRV_EX,2,+,1,12,23
688,172,0,CRV_EX,2,-,1,10,24
689,172,1,CRV_EX,2,+,1,12,24
690,172,2,CRV_EX,2,-,1,10,25
691,172,3,CRV_EX,2,+,1,12,25
692,173,0,CRV_EX,2,-,1,10,26
693,173,1,CRV_EX,2,+,1,12,26
694,173,2,CRV_EX,2,-,1,10,27
695,173,3,CRV_EX,2,+,1,12,27
696,174,0,CRV_EX,2,-,1,10,28
697,174,1,CRV_EX,2,+,1,12,28
698,174,2,CRV_EX,2,-,1,10,29
699,174,3,CRV_EX,2,+,1,12,29
700,175,0,CRV_EX,2,-,1,10,30
701,175,1,CRV_EX,2,+,1,12,30
702,175,2,CRV_EX,2,-,1,10,31
703,175,3,CRV_EX,2,+,1,12,31
704,176,0,CRV_EX,2,-,1,10,32
705,176,1,CRV_EX,2,+,1,12,32
706,176,2,CRV_EX,2,-,1,10,33
707,176,3,CRV_EX,2,+,1,12,33
708,177,0,CRV_EX,2,-,1,10,34
709,177,1,CRV_EX,2,+,1,12,34
710,177,2,CRV_EX,2,-,1,10,35
711,177,3,CRV_EX,2,+,1,12,35
712,178,0,CRV_EX,2,-,1,10,36
713,178,1,CRV_EX,2,+,1,12,36
714,178,2,CRV_EX,2,-,1,10,37
715,178,3,CRV_EX,2,+,1,12,37
716,179,0,CRV_EX,2,-,1,10,38
717,179,1,CRV_EX,2,+,1,12,38
718,179,2,CRV_EX,2,-,1,10,39
719,179,3,CRV_EX,2,+,1,12,39
720,180,0,CRV_EX,2,-,1,10,40
721,180,1,CRV_EX,2,+,1,12,40
722,180,2,CRV_EX,2,-,1,10,41
723,180,3,CRV_EX,2,+,1,12,41
724,181,0,CRV_EX,2,-,1,10,42
725,181,1,CRV_EX,2,+,1,12,42
726,181,2,CRV_EX,2,-,1,10,43
727,181,3,CRV_EX,2,+,1,12,43
728,182,0,CRV_EX,2,-,1,10,44
729,182,1,CRV_EX,2,+,1,12,44
730,182,2,CRV_EX,2,-,1,10,45
731,182,3,CRV_EX,2,+,1,12,45
732,183,0,CRV_EX,2,-,1,10,46
733,183,1,CRV_EX,2,+,1,12,46
734,183,2,CRV_EX,2,-,1,10,47
735,183,3,CRV_EX,2,+,1,12,47
736,184,0,CRV_EX,2,-,1,10,48
737,184,1,CRV_EX,2,+,1,12,48
738,184,2,CRV_EX,2,-,1,10,49
739,184,3,CRV_EX,2,+,1,12,49
740,185,0,CRV_EX,2,-,1,10,50
741,185,1,CRV_EX,2,+,1,12,50
742,185,2,CRV_EX,2,-,1,10,51
743,185,3,CRV_EX,2,+,1,12,51
744,186,0,CRV_EX,2,-,1,10,52
745,186,1,CRV_EX,2,+,1,12,52
746,186,2,CRV_EX,2,-,1,10,53
747,186,3,CRV_EX,2,+,1,12,53
748,187,0,CRV_EX,2,-,1,10,54
749,187,1,CRV_EX,2,+,1,12,54
750,187,2,CRV_EX,2,-,1,10,55
751,187,3,CRV_EX,2,+,1,12,55
752,188,0,CRV_EX,2,-,1,10,56
753,188,1,CRV_EX,2,+,1,12,56
754,188,2,CRV_EX,2,-,1,10,57
755,188,3,CRV_EX,2,+,1,12,57
756,189,0,CRV_EX,2,-,1,10,58
757,189,1,CRV_EX,2,+,1,12,58
758,189,2,CRV_EX,2,-,1,10,59
759,189,3,CRV_EX,2,+,1,12,59
760,190,0,CRV_EX,2,-,1,10,60
761,190,1,CRV_EX,2,+,1,12,60
762,190,2,CRV_EX,2,-,1,10,61
763,190,3,CRV_EX,2,+,1,12,61
764,191,0,CRV_EX,2,-,1,10,62
765,191,1,CRV_EX,2,+,1,12,62
766,191,2,CRV_EX,2,-,1,10,63
767,191,3,CRV_EX,2,+,1,12,63
768,192,0,CRV_EX,3,-,1,13,0
769,192,1,CRV_EX,3,+,1,15,0
770,192,2,CRV_EX,3,-,1,13,1
771,192,3,CRV_EX,3,+,1,15,1
772,193,0,CRV_EX,3,-,1,13,2
773,193,1,CRV_EX,3,+,1,15,2
774,193,2,CRV_EX,3,-,1,13,3
775,193,3,CRV_EX,3,+,1,15,3
776,194,0,CRV_EX,3,-,1,13,4
777,194,1,CRV_EX,3,+,1,15,4
778,194,2,CRV_EX,3,-,1,13,5
779,194,3,CRV_EX,3,+,1,15,5
780,195,0,CRV_EX,3,-,1,13,6
781,195,1,CRV_EX,3,+,1,15,6
782,195,2,CRV_EX,3,-,1,13,7
783,195,3,CRV_EX,3,+,1,15,7
784,196,0,CRV_EX,3,-,1,13,8
785,196,1,CRV_EX,3,+,1,15,8
786,196,2,CRV_EX,3,-,1,13,9
787,196,3,CRV_EX,3,+,1,15,9
788,197,0,CRV_EX,3,-,1,13,10
789,197,1,CRV_EX,3,+,1,15,10
790,197,2,CRV_EX,3,-,1,13,11
791,197,3,CRV_EX,3,+,1,15,11
792,198,0,CRV_EX,3,-,1,13,12
793,198,1,CRV_EX,3,+,1,15,12
794,198,2,CRV_EX,3,-,1,13,13
795,198,3,CRV_EX,3,+,1,15,13
796,199,0,CRV_EX,3,-,1,13,14
797,199,1,CRV_EX,3,+,1,15,14
798,199,2,CRV_EX,3,-,1,13,15
799,199,3,CRV_EX,3,+,1,15,15
800,200,0,CRV_EX,3,-,1,13,16
801,200,1,CRV_EX,3,+,1,15,16
802,200,2,CRV_EX,3,-,1,13,17
803,200,3,CRV_EX,3,+,1,15,17
804,201,0,CRV_EX,3,-,1,13,18
805,201,1,CRV_EX,3,+,1,15,18
806,201,2,CRV_EX,3,-,1,13,19
807,201,3,CRV_EX,3,+,1,15,19
808,202,0,CRV_EX,3,-,1,13,20
809,202,1,CRV_EX,3,+,1,15,20
810,202,2,CRV_EX,3,-,1,13,21
811,202,3,CRV_EX,3,+,1,15,21
812,203,0,CRV_EX,3,-,1,13,22
813,203,1,CRV_EX,3,+,1,15,22
814,203,2,CRV_EX,3,-,1,13,23
815,203,3,CRV_EX,3,+,1,15,23
816,204,0,CRV_EX,3,-,1,13,24
817,204,1,CRV_EX,3,+,1,15,24
818,204,2,CRV_EX,3,-,1,13,25
819,204,3,CRV_EX,3,+,1,15,25
820,205,0,CRV_EX,3,-,1,13,26
821,205,1,CRV_EX,3,+,1,15,26
822,205,2,CRV_EX,3,-,1,13,27
823,205,3,CRV_EX,3,+,1,15,27
824,206,0,CRV_EX,3,-,1,13,28
825,206,1,CRV_EX,3,+,1,15,28
826,206,2,CRV_EX,3,-,1,13,29
827,206,3,CRV_EX,3,+,1,15,29
828,207,0,CRV_EX,3,-,1,13,30
829,207,1,CRV_EX,3,+,1,15,30
830,207,2,CRV_EX,3,-,1,13,31
831,207,3,CRV_EX,3,+,1,15,31
832,208,0,CRV_EX,3,-,1,13,32
833,208,1,CRV_EX,3,+,1,15,32
834,208,2,CRV_EX,3,-,1,13,33
835,208,3,CRV_EX,3,+,1,15,33
836,209,0,CRV_EX,3,-,1,13,34
837,209,1,CRV_EX,3,+,1,15,34
838,209,2,CRV_EX,3,-,1,13,35
839,209,3,CRV_EX,3,+,1,15,35
840,210,0,CRV_EX,3,-,1,13,36
841,210,1,CRV_EX,3,+,1,15,36
842,210,2,CRV_EX,3,-,1,13,37
843,210,3,CRV_EX,3,+,1,15,37
844,211,0,CRV_EX,3,-,1,13,38
845,211,1,CRV_EX,3,+,1,15,38
846,211,2,CRV_EX,3,-,1,13,39
847,211,3,CRV_EX,3,+,1,15,39
848,212,0,CRV_EX,3,-,1,13,40
849,212,1,CRV_EX,3,+,1,15,40
850,212,2,CRV_EX,3,-,1,13,41
851,212,3,CRV_EX,3,+,1,15,41
852,213,0,CRV_EX,3,-,1,13,42
853,213,1,CRV_EX,3,+,1,15,42
854,213,2,CRV_EX,3,-,1,13,43
855,213,3,CRV_EX,3,+,1,15,43
856,214,0,CRV_EX,3,-,1,13,44
857,214,1,CRV_EX,3,+,1,15,44
858,214,2,CRV_EX,3,-,1,13,45
859,214,3,CRV_EX,3,+,1,15,45
860,215,0,CRV_EX,3,-,1,13,46
861,215,1,CRV_EX,3,+,1,15,46
862,215,2,CRV_EX,3,-,1,13,47
863,215,3,CRV_EX,3,+,1,15,47
864,216,0,CRV_EX,3,-,1,13,48
865,216,1,CRV_EX,3,+,1,15,48
866,216,2,CRV_EX,3,-,1,13,49
867,216,3,CRV_EX,3,+,1,15,49
868,217,0,CRV_EX,3,-,1,13,50
869,217,1,CRV_EX,3,+,1,15,50
870,217,2,CRV_EX,3,-,1,13,51
871,217,3,CRV_EX,3,+,1,15,51
872,218,0,CRV_EX,3,-,1,13,52
873,218,1,CRV_EX,3,+,1,15,52
874,218,2,CRV_EX,3,-,1,13,53
875,218,3,CRV_EX,3,+,1,15,53
876,219,0,CRV_EX,3,-,1,13,54
877,219,1,CRV_EX,3,+,1,15,54
878,219,2,CRV_EX,3,-,1,13,55
879,219,3,CRV_EX,3,+,1,15,55
880,220,0,CRV_EX,3,-,1,13,56
881,220,1,CRV_EX,3,+,1,15,56
882,220,2,CRV_EX,3,-,1,13,57
883,220,3,CRV_EX,3,+,1,15,57
884,221,0,CRV_EX,3,-,1,13,58
885,221,1,CRV_EX,3,+,1,15,58
886,221,2,CRV_EX,3,-,1,13,59
887,221,3,CRV_EX,3,+,1,15,59
888,222,0,CRV_EX,3,-,1,13,60
889,222,1,CRV_EX,3,+,1,15,60
890,222,2,CRV_EX,3,-,1,13,61
891,222,3,CRV_EX,3,+,1,15,61
892,223,0,CRV_EX,3,-,1,13,62
893,223,1,CRV_EX,3,+,1,15,62
894,223,2,CRV_EX,3,-,1,13,63
895,223,3,CRV_EX,3,+,1,15,63
896,224,0,CRV_EX,3,-,1,14,0
897,224,1,CRV_EX,3,+,1,16,0
898,224,2,CRV_EX,3,-,1,14,1
899,224,3,CRV_EX,3,+,1,16,1
900,225,0,CRV_EX,3,-,1,14,2
901,225,1,CRV_EX,3,+,1,16,2
902,225,2,CRV_EX,3,-,1,14,3
903,225,3,CRV_EX,3,+,1,16,3
904,226,0,CRV_EX,3,-,1,14,4
905,226,1,CRV_EX,3,+,1,16,4
906,226,2,CRV_EX,3,-,1,14,5
907,226,3,CRV_EX,3,+,1,16,5
908,227,0,CRV_EX,3,-,1,14,6
909,227,1,CRV_EX,3,+,1,16,6
910,227,2,CRV_EX,3,-,1,14,7
911,227,3,CRV_EX,3,+,1,16,7
912,228,0,CRV_EX,3,-,1,14,8
913,228,1,CRV_EX,3,+,1,16,8
914,228,2,CRV_EX,3,-,1,14,9
915,228,3,CRV_EX,3,+,1,16,9
916,229,0,CRV_EX,3,-,1,14,10
917,229,1,CRV_EX,3,+,1,16,10
918,229,2,CRV_EX,3,-,1,14,11
919,229,3,CRV_EX,3,+,1,16,11
920,230,0,CRV_EX,3,-,1,14,12
921,230,1,CRV_EX,3,+,1,16,12
922,230,2,CRV_EX,3,-,1,14,13
923,230,3,CRV_EX,3,+,1,16,13
924,231,0,CRV_EX,3,-,1,14,14
925,231,1,CRV_EX,3,+,1,16,14
926,231,2,CRV_EX,3,-,1,14,15
927,231,3,CRV_EX,3,+,1,16,15
928,232,0,CRV_EX,3,-,1,14,16
929,232,1,CRV_EX,3,+,1,16,16
930,232,2,CRV_EX,3,-,1,14,17
931,232,3,CRV_EX,3,+,1,16,17
932,233,0,CRV_EX,3,-,1,14,18
933,233,1,CRV_EX,3,+,1,16,18
934,233,2,CRV_EX,3,-,1,14,19
935,233,3,CRV_EX,3,+,1,16,19
936,234,0,CRV_EX,3,-,1,14,20
937,234,1,CRV_EX,3,+,1,16,20
938,234,2,CRV_EX,3,-,1,14,21
939,234,3,CRV_EX,3,+,1,16,21
940,235,0,CRV_EX,3,-,1,14,22
941,235,1,CRV_EX,3,+,1,16,22
942,235,2,CRV_EX,3,-,1,14,23
943,235,3,CRV_EX,3,+,1,16,23
944,236,0,CRV_EX,3,-,1,14,24
945,236,1,CRV_EX,3,+,1,16,24
946,236,2,CRV_EX,3,-,1,14,25
947,236,3,CRV_EX,3,+,1,16,25
948,237,0,CRV_EX,3,-,1,14,26
949,237,1,CRV_EX,3,+,1,16,26
950,237,2,CRV_EX,3,-,1,14,27
951,237,3,CRV_EX,3,+,1,16,27
952,238,0,CRV_EX,3,-,1,14,28
953,238,1,CRV_EX,3,+,1,16,28
954,238,2,CRV_EX,3,-,1,14,29
955,238,3,CRV_EX,3,+,1,16,29
956,239,0,CRV_EX,3,-,1,14,30
957,239,1,CRV_EX,3,+,1,16,30
958,239,2,CRV_EX,3,-,1,14,31
959,239,3,CRV_EX,3,+,1,16,31
960,240,0,CRV_EX,3,-,1,14,32
961,240,1,CRV_EX,3,+,1,16,32
962,240,2,CRV_EX,3,-,1,14,33
963,240,3,CRV_EX,3,+,1,16,33
964,241,0,CRV_EX,3,-,1,14,34
965,241,1,CRV_EX,3,+,1,16,34
966,241,2,CRV_EX,3,-,1,14,35
967,241,3,CRV_EX,3,+,1,16,35
968,242,0,CRV_EX,3,-,1,14,36
969,242,1,CRV_EX,3,+,1,16,36
970,242,2,CRV_EX,3,-,1,14,37
971,242,3,CRV_EX,3,+,1,16,37
972,243,0,CRV_EX,3,-,1,14,38
973,243,1,CRV_EX,3,+,1,16,38
974,243,2,CRV_EX,3,-,1,14,39
975,243,3,CRV_EX,3,+,1,16,39
976,244,0,CRV_EX,3,-,1,14,40
977,244,1,CRV_EX,3,+,1,16,40
978,244,2,CRV_EX,3,-,1,14,41
979,244,3,CRV_EX,3,+,1,16,41
980,245,0,CRV_EX,3,-,1,14,42
981,245,1,CRV_EX,3,+,1,16,42
982,245,2,CRV_EX,3,-,1,14,43
983,245,3,CRV_EX,3,+,1,16,43
984,246,0,CRV_EX,3,-,1,14,44
985,246,1,CRV_EX,3,+,1,16,44
986,246,2,CRV_EX,3,-,1,14,45
987,246,3,CRV_EX,3,+,1,16,45
988,247,0,CRV_EX,3,-,1,14,46
989,247,1,CRV_EX,3,+,1,16,46
990,247,2,CRV_EX,3,-,1,14,47
991,247,3,CRV_EX,3,+,1,16,47
992,248,0,CRV_EX,3,-,1,14,48
993,248,1,CRV_EX,3,+,1,16,48
994,248,2,CRV_EX,3,-,1,14,49
995,248,3,CRV_EX,3,+,1,16,49
996,249,0,CRV_EX,3,-,1,14,50
997,249,1,CRV_EX,3,+,1,16,50
998,249,2,CRV_EX,3,-,1,14,51
999,249,3,CRV_EX,3,+,1,16,51
1000,250,0,CRV_EX,3,-,1,14,52
1001,250,1,CRV_EX,3,+,1,16,52
1002,250,2,CRV_EX,3,-,1,14,53
1003,250,3,CRV_EX,3,+,1,16,53
1004,251,0,CRV_EX,3,-,1,14,54
1005,251,1,CRV_EX,3,+,1,16,54
1006,251,2,CRV_EX,3,-,1,14,55
1007,251,3,CRV_EX,3,+,1,16,55
1008,252,0,CRV_EX,3,-,1,14,56
1009,252,1,CRV_EX,3,+,1,16,56
1010,252,2,CRV_EX,3,-,1,14,57
1011,252,3,CRV_EX,3,+,1,16,57
1012,253,0,CRV_EX,3,-,1,14,58
1013,253,1,CRV_EX,3,+,1,16,58
1014,253,2,CRV_EX,3,-,1,14,59
1015,253,3,CRV_EX,3,+,1,16,59
1016,254,0,CRV_EX,3,-,1,14,60
1017,254,1,CRV_EX,3,+,1,16,60
1018,254,2,CRV_EX,3,-,1,14,61
1019,254,3,CRV_EX,3,+,1,16,61
1020,255,0,CRV_EX,3,-,1,14,62
1021,255,1,CRV_EX,3,+,1,16,62
1022,255,2,CRV_EX,3,-,1,14,63
1023,255,3,CRV_EX,3,+,1,16,63
1025,256,1,CRV_T1,0,+,2,1,0
1027,256,3,CRV_T1,0,+,2,1,1
1029,257,1,CRV_T1,0,+,2,1,2
1031,257,3,CRV_T1,0,+,2,1,3
1033,258,1,CRV_T1,0,+,2,1,4
1035,258,3,CRV_T1,0,+,2,1,5
1037,259,1,CRV_T1,0,+,2,1,6
1039,259,3,CRV_T1,0,+,2,1,7
1041,260,1,CRV_T1,0,+,2,1,8
1043,260,3,CRV_T1,0,+,2,1,9
1045,261,1,CRV_T1,0,+,2,1,10
1047,261,3,CRV_T1,0,+,2,1,11
1049,262,1,CRV_T1,0,+,2,1,12
1051,262,3,CRV_T1,0,+,2,1,13
1053,263,1,CRV_T1,0,+,2,1,14
1055,263,3,CRV_T1,0,+,2,1,15
1057,264,1,CRV_T1,0,+,2,1,16
1059,264,3,CRV_T1,0,+,2,1,17
1061,265,1,CRV_T1,0,+,2,1,18
1063,265,3,CRV_T1,0,+,2,1,19
1065,266,1,CRV_T1,0,+,2,1,20
1067,266,3,CRV_T1,0,+,2,1,21
1069,267,1,CRV_T1,0,+,2,1,22
1071,267,3,CRV_T1,0,+,2,1,23
1073,268,1,CRV_T1,0,+,2,1,24
1075,268,3,CRV_T1,0,+,2,1,25
1077,269,1,CRV_T1,0,+,2,1,26
1079,269,3,CRV_T1,0,+,2,1,27
1081,270,1,CRV_T1,0,+,2,1,28
1083,270,3,CRV_T1,0,+,2,1,29
1085,271,1,CRV_T1,0,+,2,1,30
1087,271,3,CRV_T1,0,+,2,1,31
1089,272,1,CRV_T1,0,+,2,1,32
1091,272,3,CRV_T1,0,+,2,1,33
1093,273,1,CRV_T1,0,+,2,1,34
1095,273,3,CRV_T1,0,+,2,1,35
1097,274,1,CRV_T1,0,+,2,1,36
1099,274,3,CRV_T1,0,+,2,1,37
1101,275,1,CRV_T1,0,+,2,1,38
1103,275,3,CRV_T1,0,+,2,1,39
1105,276,1,CRV_T1,0,+,2,1,40
1107,276,3,CRV_T1,0,+,2,1,41
1109,277,1,CRV_T1,0,+,2,1,42
1111,277,3,CRV_T1,0,+,2,1,43
1113,278,1,CRV_T1,0,+,2,1,44
1115,278,3,CRV_T1,0,+,2,1,45
1117,279,1,CRV_T1,0,+,2,1,46
1119,279,3,CRV_T1,0,+,2,1,47
1121,280,1,CRV_T1,0,+,2,1,48
1123,280,3,CRV_T1,0,+,2,1,49
1125,281,1,CRV_T1,0,+,2,1,50
1127,281,3,CRV_T1,0,+,2,1,51
1129,282,1,CRV_T1,0,+,2,1,52
1131,282,3,CRV_T1,0,+,2,1,53
1133,283,1,CRV_T1,0,+,2,1,54
1135,283,3,CRV_T1,0,+,2,1,55
1137,284,1,CRV_T1,0,+,2,1,56
1139,284,3,CRV_T1,0,+,2,1,57
1141,285,1,CRV_T1,0,+,2,1,58
1143,285,3,CRV_T1,0,+,2,1,59
1145,286,1,CRV_T1,0,+,2,1,60
1147,286,3,CRV_T1,0,+,2,1,61
1149,287,1,CRV_T1,0,+,2,1,62
1151,287,3,CRV_T1,0,+,2,1,63
1153,288,1,CRV_T1,0,+,2,2,0
1155,288,3,CRV_T1,0,+,2,2,1
1157,289,1,CRV_T1,0,+,2,2,2
1159,289,3,CRV_T1,0,+,2,2,3
1161,290,1,CRV_T1,0,+,2,2,4
1163,290,3,CRV_T1,0,+,2,2,5
1165,291,1,CRV_T1,0,+,2,2,6
1167,291,3,CRV_T1,0,+,2,2,7
1169,292,1,CRV_T1,0,+,2,2,8
1171,292,3,CRV_T1,0,+,2,2,9
1173,293,1,CRV_T1,0,+,2,2,10
1175,293,3,CRV_T1,0,+,2,2,11
1177,294,1,CRV_T1,0,+,2,2,12
1179,294,3,CRV_T1,0,+,2,2,13
1181,295,1,CRV_T1,0,+,2,2,14
1183,295,3,CRV_T1,0,+,2,2,15
1185,296,1,CRV_T1,0,+,2,2,16
1187,296,3,CRV_T1,0,+,2,2,17
1189,297,1,CRV_T1,0,+,2,2,18
1191,297,3,CRV_T1,0,+,2,2,19
1193,298,1,CRV_T1,0,+,2,2,20
1195,298,3,CRV_T1,0,+,2,2,21
1197,299,1,CRV_T1,0,+,2,2,22
1199,299,3,CRV_T1,0,+,2,2,23
1201,300,1,CRV_T1,0,+,2,2,24
1203,300,3,CRV_T1,0,+,2,2,25
1205,301,1,CRV_T1,0,+,2,2,26
1207,301,3,CRV_T1,0,+,2,2,27
1209,302,1,CRV_T1,0,+,2,2,28
1211,302,3,CRV_T1,0,+,2,2,29
1213,303,1,CRV_T1,0,+,2,2,30
1215,303,3,CRV_T1,0,+,2,2,31
1217,304,1,CRV_T1,0,+,2,2,32
1219,304,3,CRV_T1,0,+,2,2,33
1221,305,1,CRV_T1,0,+,2,2,34
1223,305,3,CRV_T1,0,+,2,2,35
1225,306,1,CRV_T1,0,+,2,2,36
1227,306,3,CRV_T1,0,+,2,2,37
1229,307,1,CRV_T1,0,+,2,2,38
1231,307,3,CRV_T1,0,+,2,2,39
1233,308,1,CRV_T1,0,+,2,2,40
1235,308,3,CRV_T1,0,+,2,2,41
1237,309,1,CRV_T1,0,+,2,2,42
1239,309,3,CRV_T1,0,+,2,2,43
1241,310,1,CRV_T1,0,+,2,2,44
1243,310,3,CRV_T1,0,+,2,2,45
1245,311,1,CRV_T1,0,+,2,2,46
1247,311,3,CRV_T1,0,+,2,2,47
1249,312,1,CRV_T1,0,+,2,2,48
1251,312,3,CRV_T1,0,+,2,2,49
1253,313,1,CRV_T1,0,+,2,2,50
1255,313,3,CRV_T1,0,+,2,2,51
1257,314,1,CRV_T1,0,+,2,2,52
1259,314,3,CRV_T1,0,+,2,2,53
1261,315,1,CRV_T1,0,+,2,2,54
1263,315,3,CRV_T1,0,+,2,2,55
1265,316,1,CRV_T1,0,+,2,2,56
1267,316,3,CRV_T1,0,+,2,2,57
1269,317,1,CRV_T1,0,+,2,2,58
1271,317,3,CRV_T1,0,+,2,2,59
1273,318,1,CRV_T1,0,+,2,2,60
1275,318,3,CRV_T1,0,+,2,2,61
1277,319,1,CRV_T1,0,+,2,2,62
1279,319,3,CRV_T1,0,+,2,2,63
1281,320,1,CRV_T1,1,+,2,3,31
1283,320,3,CRV_T1,1,+,2,3,30
1285,321,1,CRV_T1,1,+,2,3,29
1287,321,3,CRV_T1,1,+,2,3,28
1289,322,1,CRV_T1,1,+,2,3,27
1291,322,3,CRV_T1,1,+,2,3,26
1293,323,1,CRV_T1,1,+,2,3,25
1295,323,3,CRV_T1,1,+,2,3,24
1297,324,1,CRV_T1,1,+,2,3,23
1299,324,3,CRV_T1,1,+,2,3,22
1301,325,1,CRV_T1,1,+,2,3,21
1303,325,3,CRV_T1,1,+,2,3,20
1305,326,1,CRV_T1,1,+,2,3,19
1307,326,3,CRV_T1,1,+,2,3,18
1309,327,1,CRV_T1,1,+,2,3,17
1311,327,3,CRV_T1,1,+,2,3,16
1313,328,1,CRV_T1,1,+,2,3,15
1315,328,3,CRV_T1,1,+,2,3,14
1317,329,1,CRV_T1,1,+,2,3,13
1319,329,3,CRV_T1,1,+,2,3,12
1321,330,1,CRV_T1,1,+,2,3,11
1323,330,3,CRV_T1,1,+,2,3,10
1325,331,1,CRV_T1,1,+,2,3,9
1327,331,3,CRV_T1,1,+,2,3,8
1329,332,1,CRV_T1,1,+,2,3,7
1331,332,3,CRV_T1,1,+,2,3,6
1333,333,1,CRV_T1,1,+,2,3,5
1335,333,3,CRV_T1,1,+,2,3,4
1337,334,1,CRV_T1,1,+,2,3,3
1339,334,3,CRV_T1,1,+,2,3,2
1341,335,1,CRV_T1,1,+,2,3,1
1343,335,3,CRV_T1,1,+,2,3,0
1345,336,1,CRV_T1,1,+,2,3,63
1347,336,3,CRV_T1,1,+,2,3,62
1349,337,1,CRV_T1,1,+,2,3,61
1351,337,3,CRV_T1,1,+,2,3,60
1353,338,1,CRV_T1,1,+,2,3,59
1355,338,3,CRV_T1,1,+,2,3,58
1357,339,1,CRV_T1,1,+,2,3,57
1359,339,3,CRV_T1,1,+,2,3,56
1361,340,1,CRV_T1,1,+,2,3,55
1363,340,3,CRV_T1,1,+,2,3,54
1365,341,1,CRV_T1,1,+,2,3,53
1367,341,3,CRV_T1,1,+,2,3,52
1369,342,1,CRV_T1,1,+,2,3,51
1371,342,3,CRV_T1,1,+,2,3,50
1373,343,1,CRV_T1,1,+,2,3,49
1375,343,3,CRV_T1,1,+,2,3,48
1377,344,1,CRV_T1,1,+,2,3,47
1379,344,3,CRV_T1,1,+,2,3,46
1381,345,1,CRV_T1,1,+,2,3,45
1383,345,3,CRV_T1,1,+,2,3,44
1385,346,1,CRV_T1,1,+,2,3,43
1387,346,3,CRV_T1,1,+,2,3,42
1389,347,1,CRV_T1,1,+,2,3,41
1391,347,3,CRV_T1,1,+,2,3,40
1393,348,1,CRV_T1,1,+,2,3,39
1395,348,3,CRV_T1,1,+,2,3,38
1397,349,1,CRV_T1,1,+,2,3,37
1399,349,3,CRV_T1,1,+,2,3,36
1401,350,1,CRV_T1,1,+,2,3,35
1403,350,3,CRV_T1,1,+,2,3,34
1405,351,1,CRV_T1,1,+,2,3,33
1407,351,3,CRV_T1,1,+,2,3,32
1409,352,1,CRV_T1,1,+,2,4,31
1411,352,3,CRV_T1,1,+,2,4,30
1413,353,1,CRV_T1,1,+,2,4,29
1415,353,3,CRV_T1,1,+,2,4,28
1417,354,1,CRV_T1,1,+,2,4,27
1419,354,3,CRV_T1,1,+,2,4,26
1421,355,1,CRV_T1,1,+,2,4,25
1423,355,3,CRV_T1,1,+,2,4,24
1425,356,1,CRV_T1,1,+,2,4,23
1427,356,3,CRV_T1,1,+,2,4,22
1429,357,1,CRV_T1,1,+,2,4,21
1431,357,3,CRV_T1,1,+,2,4,20
1433,358,1,CRV_T1,1,+,2,4,19
1435,358,3,CRV_T1,1,+,2,4,18
1437,359,1,CRV_T1,1,+,2,4,17
1439,359,3,CRV_T1,1,+,2,4,16
1441,360,1,CRV_T1,1,+,2,4,15
1443,360,3,CRV_T1,1,+,2,4,14
1445,361,1,CRV_T1,1,+,2,4,13
1447,361,3,CRV_T1,1,+,2,4,12
1449,362,1,CRV_T1,1,+,2,4,11
1451,362,3,CRV_T1,1,+,2,4,10
1453,363,1,CRV_T1,1,+,2,4,9
1455,363,3,CRV_T1,1,+,2,4,8
1457,364,1,CRV_T1,1,+,2,4,7
1459,364,3,CRV_T1,1,+,2,4,6
1461,365,1,CRV_T1,1,+,2,4,5
1463,365,3,CRV_T1,1,+,2,4,4
1465,366,1,CRV_T1,1,+,2,4,3
1467,366,3,CRV_T1,1,+,2,4,2
1469,367,1,CRV_T1,1,+,2,4,1
1471,367,3,CRV_T1,1,+,2,4,0
1473,368,1,CRV_T1,1,+,2,4,63
1475,368,3,CRV_T1,1,+,2,4,62
1477,369,1,CRV_T1,1,+,2,4,61
1479,369,3,CRV_T1,1,+,2,4,60
1481,370,1,CRV_T1,1,+,2,4,59
1483,370,3,CRV_T1,1,+,2,4,58
1485,371,1,CRV_T1,1,+,2,4,57
1487,371,3,CRV_T1,1,+,2,4,56
1489,372,1,CRV_T1,1,+,2,4,55
1491,372,3,CRV_T1,1,+,2,4,54
1493,373,1,CRV_T1,1,+,2,4,53
1495,373,3,CRV_T1,1,+,2,4,52
1497,374,1,CRV_T1,1,+,2,4,51
1499,374,3,CRV_T1,1,+,2,4,50
1501,375,1,CRV_T1,1,+,2,4,49
1503,375,3,CRV_T1,1,+,2,4,48
1505,376,1,CRV_T1,1,+,2,4,47
1507,376,3,CRV_T1,1,+,2,4,46
1509,377,1,CRV_T1,1,+,2,4,45
1511,377,3,CRV_T1,1,+,2,4,44
1513,378,1,CRV_T1,1,+,2,4,43
1515,378,3,CRV_T1,1,+,2,4,42
1517,379,1,CRV_T1,1,+,2,4,41
1519,379,3,CRV_T1,1,+,2,4,40
1521,380,1,CRV_T1,1,+,2,4,39
1523,380,3,CRV_T1,1,+,2,4,38
1525,381,1,CRV_T1,1,+,2,4,37
1527,381,3,CRV_T1,1,+,2,4,36
1529,382,1,CRV_T1,1,+,2,4,35
1531,382,3,CRV_T1,1,+,2,4,34
1533,383,1,CRV_T1,1,+,2,4,33
1535,383,3,CRV_T1,1,+,2,4,32
1536,384,0,CRV_T2,0,-,1,17,0
1537,384,1,CRV_T2,0,+,1,19,0
1538,384,2,CRV_T2,0,-,1,17,1
1539,384,3,CRV_T2,0,+,1,19,1
1540,385,0,CRV_T2,0,-,1,17,2
1541,385,1,CRV_T2,0,+,1,19,2
1542,385,2,CRV_T2,0,-,1,17,3
1543,385,3,CRV_T2,0,+,1,19,3
1544,386,0,CRV_T2,0,-,1,17,4
1545,386,1,CRV_T2,0,+,1,19,4
1546,386,2,CRV_T2,0,-,1,17,5
1547,386,3,CRV_T2,0,+,1,19,5
1548,387,0,CRV_T2,0,-,1,17,6
1549,387,1,CRV_T2,0,+,1,19,6
1550,387,2,CRV_T2,0,-,1,17,7
1551,387,3,CRV_T2,0,+,1,19,7
1552,388,0,CRV_T2,0,-,1,17,8
1553,388,1,CRV_T2,0,+,1,19,8
1554,388,2,CRV_T2,0,-,1,17,9
1555,388,3,CRV_T2,0,+,1,19,9
1556,389,0,CRV_T2,0,-,1,17,10
1557,389,1,CRV_T2,0,+,1,19,10
1558,389,2,CRV_T2,0,-,1,17,11
1559,389,3,CRV_T2,0,+,1,19,11
1560,390,0,CRV_T2,0,-,1,17,12
1561,390,1,CRV_T2,0,+,1,19,12
1562,390,2,CRV_T2,0,-,1,17,13
1563,390,3,CRV_T2,0,+,1,19,13
1564,391,0,CRV_T2,0,-,1,17,14
1565,391,1,CRV_T2,0,+,1,19,14
1566,391,2,CRV_T2,0,-,1,17,15
1567,391,3,CRV_T2,0,+,1,19,15
1568,392,0,CRV_T2,0,-,1,17,16
1569,392,1,CRV_T2,0,+,1,19,16
1570,392,2,CRV_T2,0,-,1,17,17
1571,392,3,CRV_T2,0,+,1,19,17
1572,393,0,CRV_T2,0,-,1,17,18
1573,393,1,CRV_T2,0,+,1,19,18
1574,393,2,CRV_T2,0,-,1,17,19
1575,393,3,CRV_T2,0,+,1,19,19
1576,394,0,CRV_T2,0,-,1,17,20
1577,394,1,CRV_T2,0,+,1,19,20
1578,394,2,CRV_T2,0,-,1,17,21
1579,394,3,CRV_T2,0,+,1,19,21
1580,395,0,CRV_T2,0,-,1,17,22
1581,395,1,CRV_T2,0,+,1,19,22
1582,395,2,CRV_T2,0,-,1,17,23
1583,395,3,CRV_T2,0,+,1,19,23
1584,396,0,CRV_T2,0,-,1,17,24
1585,396,1,CRV_T2,0,+,1,19,24
1586,396,2,CRV_T2,0,-,1,17,25
1587,396,3,CRV_T2,0,+,1,19,25
1588,397,0,CRV_T2,0,-,1,17,26
1589,397,1,CRV_T2,0,+,1,19,26
1590,397,2,CRV_T2,0,-,1,17,27
1591,397,3,CRV_T2,0,+,1,19,27
1592,398,0,CRV_T2,0,-,1,17,28
1593,398,1,CRV_T2,0,+,1,19,28
1594,398,2,CRV_T2,0,-,1,17,29
1595,398,3,CRV_T2,0,+,1,19,29
1596,399,0,CRV_T2,0,-,1,17,30
1597,399,1,CRV_T2,0,+,1,19,30
1598,399,2,CRV_T2,0,-,1,17,31
1599,399,3,CRV_T2,0,+,1,19,31
1600,400,0,CRV_T2,0,-,1,17,32
1601,400,1,CRV_T2,0,+,1,19,32
1602,400,2,CRV_T2,0,-,1,17,33
1603,400,3,CRV_T2,0,+,1,19,33
1604,401,0,CRV_T2,0,-,1,17,34
1605,401,1,CRV_T2,0,+,1,19,34
1606,401,2,CRV_T2,0,-,1,17,35
1607,401,3,CRV_T2,0,+,1,19,35
1608,402,0,CRV_T2,0,-,1,17,36
1609,402,1,CRV_T2,0,+,1,19,36
1610,402,2,CRV_T2,0,-,1,17,37
1611,402,3,CRV_T2,0,+,1,19,37
1612,403,0,CRV_T2,0,-,1,17,38
1613,403,1,CRV_T2,0,+,1,19,38
1614,403,2,CRV_T2,0,-,1,17,39
1615,403,3,CRV_T2,0,+,1,19,39
1616,404,0,CRV_T2,0,-,1,17,40
1617,404,1,CRV_T2,0,+,1,19,40
1618,404,2,CRV_T2,0,-,1,17,41
1619,404,3,CRV_T2,0,+,1,19,41
1620,405,0,CRV_T2,0,-,1,17,42
1621,405,1,CRV_T2,0,+,1,19,42
1622,405,2,CRV_T2,0,-,1,17,43
1623,405,3,CRV_T2,0,+,1,19,43
1624,406,0,CRV_T2,0,-,1,17,44
1625,406,1,CRV_T2,0,+,1,19,44
1626,406,2,CRV_T2,0,-,1,17,45
1627,406,3,CRV_T2,0,+,1,19,45
1628,407,0,CRV_T2,0,-,1,17,46
1629,407,1,CRV_T2,0,+,1,19,46
1630,407,2,CRV_T2,0,-,1,17,47
1631,407,3,CRV_T2,0,+,1,19,47
1632,408,0,CRV_T2,0,-,1,17,48
1633,408,1,CRV_T2,0,+,1,19,48
1634,408,2,CRV_T2,0,-,1,17,49
1635,408,3,CRV_T2,0,+,1,19,49
1636,409,0,CRV_T2,0,-,1,17,50
1637,409,1,CRV_T2,0,+,1,19,50
1638,409,2,CRV_T2,0,-,1,17,51
1639,409,3,CRV_T2,0,+,1,19,51
1640,410,0,CRV_T2,0,-,1,17,52
1641,410,1,CRV_T2,0,+,1,19,52
1642,410,2,CRV_T2,0,-,1,17,53
1643,410,3,CRV_T2,0,+,1,19,53
1644,411,0,CRV_T2,0,-,1,17,54
1645,411,1,CRV_T2,0,+,1,19,54
1646,411,2,CRV_T2,0,-,1,17,55
1647,411,3,CRV_T2,0,+,1,19,55
1648,412,0,CRV_T2,0,-,1,17,56
1649,412,1,CRV_T2,0,+,1,19,56
1650,412,2,CRV_T2,0,-,1,17,57
1651,412,3,CRV_T2,0,+,1,19,57
1652,413,0,CRV_T2,0,-,1,17,58
1653,413,1,CRV_T2,0,+,1,19,58
1654,413,2,CRV_T2,0,-,1,17,59
1655,413,3,CRV_T2,0,+,1,19,59
1656,414,0,CRV_T2,0,-,1,17,60
1657,414,1,CRV_T2,0,+,1,19,60
1658,414,2,CRV_T2,0,-,1,17,61
1659,414,3,CRV_T2,0,+,1,19,61
1660,415,0,CRV_T2,0,-,1,17,62
1661,415,1,CRV_T2,0,+,1,19,62
1662,415,2,CRV_T2,0,-,1,17,63
1663,415,3,CRV_T2,0,+,1,19,63
1664,416,0,CRV_T2,0,-,1,18,0
1665,416,1,CRV_T2,0,+,1,20,0
1666,416,2,CRV_T2,0,-,1,18,1
1667,416,3,CRV_T2,0,+,1,20,1
1668,417,0,CRV_T2,0,-,1,18,2
1669,417,1,CRV_T2,0,+,1,20,2
1670,417,2,CRV_T2,0,-,1,18,3
1671,417,3,CRV_T2,0,+,1,20,3
1672,418,0,CRV_T2,0,-,1,18,4
1673,418,1,CRV_T2,0,+,1,20,4
1674,418,2,CRV_T2,0,-,1,18,5
1675,418,3,CRV_T2,0,+,1,20,5
1676,419,0,CRV_T2,0,-,1,18,6
1677,419,1,CRV_T2,0,+,1,20,6
1678,419,2,CRV_T2,0,-,1,18,7
1679,419,3,CRV_T2,0,+,1,20,7
1680,420,0,CRV_T2,0,-,1,18,8
1681,420,1,CRV_T2,0,+,1,20,8
1682,420,2,CRV_T2,0,-,1,18,9
1683,420,3,CRV_T2,0,+,1,20,9
1684,421,0,CRV_T2,0,-,1,18,10
1685,421,1,CRV_T2,0,+,1,20,10
1686,421,2,CRV_T2,0,-,1,18,11
1687,421,3,CRV_T2,0,+,1,20,11
1688,422,0,CRV_T2,0,-,1,18,12
1689,422,1,CRV_T2,0,+,1,20,12
1690,422,2,CRV_T2,0,-,1,18,13
1691,422,3,CRV_T2,0,+,1,20,13
1692,423,0,CRV_T2,0,-,1,18,14
1693,423,1,CRV_T2,0,+,1,20,14
1694,423,2,CRV_T2,0,-,1,18,15
1695,423,3,CRV_T2,0,+,1,20,15
1696,424,0,CRV_T2,0,-,1,18,16
1697,424,1,CRV_T2,0,+,1,20,16
1698,424,2,CRV_T2,0,-,1,18,17
1699,424,3,CRV_T2,0,+,1,20,17
1700,425,0,CRV_T2,0,-,1,18,18
1701,425,1,CRV_T2,0,+,1,20,18
1702,425,2,CRV_T2,0,-,1,18,19
1703,425,3,CRV_T2,0,+,1,20,19
1704,426,0,CRV_T2,0,-,1,18,20
1705,426,1,CRV_T2,0,+,1,20,20
1706,426,2,CRV_T2,0,-,1,18,21
1707,426,3,CRV_T2,0,+,1,20,21
1708,427,0,CRV_T2,0,-,1,18,22
1709,427,1,CRV_T2,0,+,1,20,22
1710,427,2,CRV_T2,0,-,1,18,23
1711,427,3,CRV_T2,0,+,1,20,23
1712,428,0,CRV_T2,0,-,1,18,24
1713,428,1,CRV_T2,0,+,1,20,24
1714,428,2,CRV_T2,0,-,1,18,25
1715,428,3,CRV_T2,0,+,1,20,25
1716,429,0,CRV_T2,0,-,1,18,26
1717,429,1,CRV_T2,0,+,1,20,26
1718,429,2,CRV_T2,0,-,1,18,27
1719,429,3,CRV_T2,0,+,1,20,27
1720,430,0,CRV_T2,0,-,1,18,28
1721,430,1,CRV_T2,0,+,1,20,28
1722,430,2,CRV_T2,0,-,1,18,29
1723,430,3,CRV_T2,0,+,1,20,29
1724,431,0,CRV_T2,0,-,1,18,30
1725,431,1,CRV_T2,0,+,1,20,30
1726,431,2,CRV_T2,0,-,1,18,31
1727,431,3,CRV_T2,0,+,1,20,31
1728,432,0,CRV_T2,0,-,1,18,32
1729,432,1,CRV_T2,0,+,1,20,32
1730,432,2,CRV_T2,0,-,1,18,33
1731,432,3,CRV_T2,0,+,1,20,33
1732,433,0,CRV_T2,0,-,1,18,34
1733,433,1,CRV_T2,0,+,1,20,34
1734,433,2,CRV_T2,0,-,1,18,35
1735,433,3,CRV_T2,0,+,1,20,35
1736,434,0,CRV_T2,0,-,1,18,36
1737,434,1,CRV_T2,0,+,1,20,36
1738,434,2,CRV_T2,0,-,1,18,37
1739,434,3,CRV_T2,0,+,1,20,37
1740,435,0,CRV_T2,0,-,1,18,38
1741,435,1,CRV_T2,0,+,1,20,38
1742,435,2,CRV_T2,0,-,1,18,39
1743,435,3,CRV_T2,0,+,1,20,39
1744,436,0,CRV_T2,0,-,1,18,40
1745,436,1,CRV_T2,0,+,1,20,40
1746,436,2,CRV_T2,0,-,1,18,41
1747,436,3,CRV_T2,0,+,1,20,41
1748,437,0,CRV_T2,0,-,1,18,42
1749,437,1,CRV_T2,0,+,1,20,42
1750,437,2,CRV_T2,0,-,1,18,43
1751,437,3,CRV_T2,0,+,1,20,43
1752,438,0,CRV_T2,0,-,1,18,44
1753,438,1,CRV_T2,0,+,1,20,44
1754,438,2,CRV_T2,0,-,1,18,45
1755,438,3,CRV_T2,0,+,1,20,45
1756,439,0,CRV_T2,0,-,1,18,46
1757,439,1,CRV_T2,0,+,1,20,46
1758,439,2,CRV_T2,0,-,1,18,47
1759,439,3,CRV_T2,0,+,1,20,47
1760,440,0,CRV_T2,0,-,1,18,48
1761,440,1,CRV_T2,0,+,1,20,48
1762,440,2,CRV_T2,0,-,1,18,49
1763,440,3,CRV_T2,0,+,1,20,49
1764,441,0,CRV_T2,0,-,1,18,50
1765,441,1,CRV_T2,0,+,1,20,50
1766,441,2,CRV_T2,0,-,1,18,51
1767,441,3,CRV_T2,0,+,1,20,51
1768,442,0,CRV_T2,0,-,1,18,52
1769,442,1,CRV_T2,0,+,1,20,52
1770,442,2,CRV_T2,0,-,1,18,53
1771,442,3,CRV_T2,0,+,1,20,53
1772,443,0,CRV_T2,0,-,1,18,54
1773,443,1,CRV_T2,0,+,1,20,54
1774,443,2,CRV_T2,0,-,1,18,55
1775,443,3,CRV_T2,0,+,1,20,55
1776,444,0,CRV_T2,0,-,1,18,56
1777,444,1,CRV_T2,0,+,1,20,56
1778,444,2,CRV_T2,0,-,1,18,57
1779,444,3,CRV_T2,0,+,1,20,57
1780,445,0,CRV_T2,0,-,1,18,58
1781,445,1,CRV_T2,0,+,1,20,58
1782,445,2,CRV_T2,0,-,1,18,59
1783,445,3,CRV_T2,0,+,1,20,59
1784,446,0,CRV_T2,0,-,1,18,60
1785,446,1,CRV_T2,0,+,1,20,60
1786,446,2,CRV_T2,0,-,1,18,61
1787,446,3,CRV_T2,0,+,1,20,61
1788,447,0,CRV_T2,0,-,1,18,62
1789,447,1,CRV_T2,0,+,1,20,62
1790,447,2,CRV_T2,0,-,1,18,63
1791,447,3,CRV_T2,0,+,1,20,63
1792,448,0,CRV_T2,1,-,1,21,0
1793,448,1,CRV_T2,1,+,1,23,0
1794,448,2,CRV_T2,1,-,1,21,1
1795,448,3,CRV_T2,1,+,1,23,1
1796,449,0,CRV_T2,1,-,1,21,2
1797,449,1,CRV_T2,1,+,1,23,2
1798,449,2,CRV_T2,1,-,1,21,3
1799,449,3,CRV_T2,1,+,1,23,3
1800,450,0,CRV_T2,1,-,1,21,4
1801,450,1,CRV_T2,1,+,1,23,4
1802,450,2,CRV_T2,1,-,1,21,5
1803,450,3,CRV_T2,1,+,1,23,5
1804,451,0,CRV_T2,1,-,1,21,6
1805,451,1,CRV_T2,1,+,1,23,6
1806,451,2,CRV_T2,1,-,1,21,7
1807,451,3,CRV_T2,1,+,1,23,7
1808,452,0,CRV_T2,1,-,1,21,8
1809,452,1,CRV_T2,1,+,1,23,8
1810,452,2,CRV_T2,1,-,1,21,9
1811,452,3,CRV_T2,1,+,1,23,9
1812,453,0,CRV_T2,1,-,1,21,10
1813,453,1,CRV_T2,1,+,1,23,10
1814,453,2,CRV_T2,1,-,1,21,11
1815,453,3,CRV_T2,1,+,1,23,11
1816,454,0,CRV_T2,1,-,1,21,12
1817,454,1,CRV_T2,1,+,1,23,12
1818,454,2,CRV_T2,1,-,1,21,13
1819,454,3,CRV_T2,1,+,1,23,13
1820,455,0,CRV_T2,1,-,1,21,14
1821,455,1,CRV_T2,1,+,1,23,14
1822,455,2,CRV_T2,1,-,1,21,15
1823,455,3,CRV_T2,1,+,1,23,15
1824,456,0,CRV_T2,1,-,1,21,16
1825,456,1,CRV_T2,1,+,1,23,16
1826,456,2,CRV_T2,1,-,1,21,17
1827,456,3,CRV_T2,1,+,1,23,17
1828,457,0,CRV_T2,1,-,1,21,18
1829,457,1,CRV_T2,1,+,1,23,18
1830,457,2,CRV_T2,1,-,1,21,19
1831,457,3,CRV_T2,1,+,1,23,19
1832,458,0,CRV_T2,1,-,1,21,20
1833,458,1,CRV_T2,1,+,1,23,20
1834,458,2,CRV_T2,1,-,1,21,21
1835,458,3,CRV_T2,1,+,1,23,21
1836,459,0,CRV_T2,1,-,1,21,22
1837,459,1,CRV_T2,1,+,1,23,22
1838,459,2,CRV_T2,1,-,1,21,23
1839,459,3,CRV_T2,1,+,1,23,23
1840,460,0,CRV_T2,1,-,1,21,24
1841,460,1,CRV_T2,1,+,1,23,24
1842,460,2,CRV_T2,1,-,1,21,25
1843,460,3,CRV_T2,1,+,1,23,25
1844,461,0,CRV_T2,1,-,1,21,26
1845,461,1,CRV_T2,1,+,1,23,26
1846,461,2,CRV_T2,1,-,1,21,27
1847,461,3,CRV_T2,1,+,1,23,27
1848,462,0,CRV_T2,1,-,1,21,28
1849,462,1,CRV_T2,1,+,1,23,28
1850,462,2,CRV_T2,1,-,1,21,29
1851,462,3,CRV_T2,1,+,1,23,29
1852,463,0,CRV_T2,1,-,1,21,30
1853,463,1,CRV_T2,1,+,1,23,30
1854,463,2,CRV_T2,1,-,1,21,31
1855,463,3,CRV_T2,1,+,1,23,31
1856,464,0,CRV_T2,1,-,1,21,32
1857,464,1,CRV_T2,1,+,1,23,32
1858,464,2,CRV_T2,1,-,1,21,33
1859,464,3,CRV_T2,1,+,1,23,33
1860,465,0,CRV_T2,1,-,1,21,34
1861,465,1,CRV_T2,1,+,1,23,34
1862,465,2,CRV_T2,1,-,1,21,35
1863,465,3,CRV_T2,1,+,1,23,35
1864,466,0,CRV_T2,1,-,1,21,36
1865,466,1,CRV_T2,1,+,1,23,36
1866,466,2,CRV_T2,1,-,1,21,37
1867,466,3,CRV_T2,1,+,1,23,37
1868,467,0,CRV_T2,1,-,1,21,38
1869,467,1,CRV_T2,1,+,1,23,38
1870,467,2,CRV_T2,1,-,1,21,39
1871,467,3,CRV_T2,1,+,1,23,39
1872,468,0,CRV_T2,1,-,1,21,40
1873,468,1,CRV_T2,1,+,1,23,40
1874,468,2,CRV_T2,1,-,1,21,41
1875,468,3,CRV_T2,1,+,1,23,41
1876,469,0,CRV_T2,1,-,1,21,42
1877,469,1,CRV_T2,1,+,1,23,42
1878,469,2,CRV_T2,1,-,1,21,43
1879,469,3,CRV_T2,1,+,1,23,43
1880,470,0,CRV_T2,1,-,1,21,44
1881,470,1,CRV_T2,1,+,1,23,44
1882,470,2,CRV_T2,1,-,1,21,45
1883,470,3,CRV_T2,1,+,1,23,45
1884,471,0,CRV_T2,1,-,1,21,46
1885,471,1,CRV_T2,1,+,1,23,46
1886,471,2,CRV_T2,1,-,1,21,47
1887,471,3,CRV_T2,1,+,1,23,47
1888,472,0,CRV_T2,1,-,1,21,48
1889,472,1,CRV_T2,1,+,1,23,48
1890,472,2,CRV_T2,1,-,1,21,49
1891,472,3,CRV_T2,1,+,1,23,49
1892,473,0,CRV_T2,1,-,1,21,50
1893,473,1,CRV_T2,1,+,1,23,50
1894,473,2,CRV_T2,1,-,1,21,51
1895,473,3,CRV_T2,1,+,1,23,51
1896,474,0,CRV_T2,1,-,1,21,52
1897,474,1,CRV_T2,1,+,1,23,52
1898,474,2,CRV_T2,1,-,1,21,53
1899,474,3,CRV_T2,1,+,1,23,53
1900,475,0,CRV_T2,1,-,1,21,54
1901,475,1,CRV_T2,1,+,1,23,54
1902,475,2,CRV_T2,1,-,1,21,55
1903,475,3,CRV_T2,1,+,1,23,55
1904,476,0,CRV_T2,1,-,1,21,56
1905,476,1,CRV_T2,1,+,1,23,56
1906,476,2,CRV_T2,1,-,1,21,57
1907,476,3,CRV_T2,1,+,1,23,57
1908,477,0,CRV_T2,1,-,1,21,58
1909,477,1,CRV_T2,1,+,1,23,58
1910,477,2,CRV_T2,1,-,1,21,59
1911,477,3,CRV_T2,1,+,1,23,59
1912,478,0,CRV_T2,1,-,1,21,60
1913,478,1,CRV_T2,1,+,1,23,60
1914,478,2,CRV_T2,1,-,1,21,61
1915,478,3,CRV_T2,1,+,1,23,61
1916,479,0,CRV_T2,1,-,1,21,62
1917,479,1,CRV_T2,1,+,1,23,62
1918,479,2,CRV_T2,1,-,1,21,63
1919,479,3,CRV_T2,1,+,1,23,63
1920,480,0,CRV_T2,1,-,1,22,0
1921,480,1,CRV_T2,1,+,1,24,0
1922,480,2,CRV_T2,1,-,1,22,1
1923,480,3,CRV_T2,1,+,1,24,1
1924,481,0,CRV_T2,1,-,1,22,2
1925,481,1,CRV_T2,1,+,1,24,2
1926,481,2,CRV_T2,1,-,1,22,3
1927,481,3,CRV_T2,1,+,1,24,3
1928,482,0,CRV_T2,1,-,1,22,4
1929,482,1,CRV_T2,1,+,1,24,4
1930,482,2,CRV_T2,1,-,1,22,5
1931,482,3,CRV_T2,1,+,1,24,5
1932,483,0,CRV_T2,1,-,1,22,6
1933,483,1,CRV_T2,1,+,1,24,6
1934,483,2,CRV_T2,1,-,1,22,7
1935,483,3,CRV_T2,1,+,1,24,7
1936,484,0,CRV_T2,1,-,1,22,8
1937,484,1,CRV_T2,1,+,1,24,8
1938,484,2,CRV_T2,1,-,1,22,9
1939,484,3,CRV_T2,1,+,1,24,9
1940,485,0,CRV_T2,1,-,1,22,10
1941,485,1,CRV_T2,1,+,1,24,10
1942,485,2,CRV_T2,1,-,1,22,11
1943,485,3,CRV_T2,1,+,1,24,11
1944,486,0,CRV_T2,1,-,1,22,12
1945,486,1,CRV_T2,1,+,1,24,12
1946,486,2,CRV_T2,1,-,1,22,13
1947,486,3,CRV_T2,1,+,1,24,13
1948,487,0,CRV_T2,1,-,1,22,14
1949,487,1,CRV_T2,1,+,1,24,14
1950,487,2,CRV_T2,1,-,1,22,15
1951,487,3,CRV_T2,1,+,1,24,15
1952,488,0,CRV_T2,1,-,1,22,16
1953,488,1,CRV_T2,1,+,1,24,16
1954,488,2,CRV_T2,1,-,1,22,17
1955,488,3,CRV_T2,1,+,1,24,17
1956,489,0,CRV_T2,1,-,1,22,18
1957,489,1,CRV_T2,1,+,1,24,18
1958,489,2,CRV_T2,1,-,1,22,19
1959,489,3,CRV_T2,1,+,1,24,19
1960,490,0,CRV_T2,1,-,1,22,20
1961,490,1,CRV_T2,1,+,1,24,20
1962,490,2,CRV_T2,1,-,1,22,21
1963,490,3,CRV_T2,1,+,1,24,21
1964,491,0,CRV_T2,1,-,1,22,22
1965,491,1,CRV_T2,1,+,1,24,22
1966,491,2,CRV_T2,1,-,1,22,23
1967,491,3,CRV_T2,1,+,1,24,23
1968,492,0,CRV_T2,1,-,1,22,24
1969,492,1,CRV_T2,1,+,1,24,24
1970,492,2,CRV_T2,1,-,1,22,25
1971,492,3,CRV_T2,1,+,1,24,25
1972,493,0,CRV_T2,1,-,1,22,26
1973,493,1,CRV_T2,1,+,1,24,26
1974,493,2,CRV_T2,1,-,1,22,27
1975,493,3,CRV_T2,1,+,1,24,27
1976,494,0,CRV_T2,1,-,1,22,28
1977,494,1,CRV_T2,1,+,1,24,28
1978,494,2,CRV_T2,1,-,1,22,29
1979,494,3,CRV_T2,1,+,1,24,29
1980,495,0,CRV_T2,1,-,1,22,30
1981,495,1,CRV_T2,1,+,1,24,30
1982,495,2,CRV_T2,1,-,1,22,31
1983,495,3,CRV_T2,1,+,1,24,31
1984,496,0,CRV_T2,1,-,1,22,32
1985,496,1,CRV_T2,1,+,1,24,32
1986,496,2,CRV_T2,1,-,1,22,33
1987,496,3,CRV_T2,1,+,1,24,33
1988,497,0,CRV_T2,1,-,1,22,34
1989,497,1,CRV_T2,1,+,1,24,34
1990,497,2,CRV_T2,1,-,1,22,35
1991,497,3,CRV_T2,1,+,1,24,35
1992,498,0,CRV_T2,1,-,1,22,36
1993,498,1,CRV_T2,1,+,1,24,36
1994,498,2,CRV_T2,1,-,1,22,37
1995,498,3,CRV_T2,1,+,1,24,37
1996,499,0,CRV_T2,1,-,1,22,38
1997,499,1,CRV_T2,1,+,1,24,38
1998,499,2,CRV_T2,1,-,1,22,39
1999,499,3,CRV_T2,1,+,1,24,39
2000,500,0,CRV_T2,1,-,1,22,40
2001,500,1,CRV_T2,1,+,1,24,40
2002,500,2,CRV_T2,1,-,1,22,41
2003,500,3,CRV_T2,1,+,1,24,41
2004,501,0,CRV_T2,1,-,1,22,42
2005,501,1,CRV_T2,1,+,1,24,42
2006,501,2,CRV_T2,1,-,1,22,43
2007,501,3,CRV_T2,1,+,1,24,43
2008,502,0,CRV_T2,1,-,1,22,44
2009,502,1,CRV_T2,1,+,1,24,44
2010,502,2,CRV_T2,1,-,1,22,45
2011,502,3,CRV_T2,1,+,1,24,45
2012,503,0,CRV_T2,1,-,1,22,46
2013,503,1,CRV_T2,1,+,1,24,46
2014,503,2,CRV_T2,1,-,1,22,47
2015,503,3,CRV_T2,1,+,1,24,47
2016,504,0,CRV_T2,1,-,1,22,48
2017,504,1,CRV_T2,1,+,1,24,48
2018,504,2,CRV_T2,1,-,1,22,49
2019,504,3,CRV_T2,1,+,1,24,49
2020,505,0,CRV_T2,1,-,1,22,50
2021,505,1,CRV_T2,1,+,1,24,50
2022,505,2,CRV_T2,1,-,1,22,51
2023,505,3,CRV_T2,1,+,1,24,51
2024,506,0,CRV_T2,1,-,1,22,52
2025,506,1,CRV_T2,1,+,1,24,52
2026,506,2,CRV_T2,1,-,1,22,53
2027,506,3,CRV_T2,1,+,1,24,53
2028,507,0,CRV_T2,1,-,1,22,54
2029,507,1,CRV_T2,1,+,1,24,54
2030,507,2,CRV_T2,1,-,1,22,55
2031,507,3,CRV_T2,1,+,1,24,55
2032,508,0,CRV_T2,1,-,1,22,56
2033,508,1,CRV_T2,1,+,1,24,56
2034,508,2,CRV_T2,1,-,1,22,57
2035,508,3,CRV_T2,1,+,1,24,57
2036,509,0,CRV_T2,1,-,1,22,58
2037,509,1,CRV_T2,1,+,1,24,58
2038,509,2,CRV_T2,1,-,1,22,59
2039,509,3,CRV_T2,1,+,1,24,59
2040,510,0,CRV_T2,1,-,1,22,60
2041,510,1,CRV_T2,1,+,1,24,60
2042,510,2,CRV_T2,1,-,1,22,61
2043,510,3,CRV_T2,1,+,1,24,61
2044,511,0,CRV_T2,1,-,1,22,62
2045,511,1,CRV_T2,1,+,1,24,62
2046,511,2,CRV_T2,1,-,1,22,63
2047,511,3,CRV_T2,1,+,1,24,63
2048,512,0,CRV_M1,0,-,2,6,0
2050,512,2,CRV_M1,0,-,2,6,1
2052,513,0,CRV_M1,0,-,2,6,2
2054,513,2,CRV_M1,0,-,2,6,3
2056,514,0,CRV_M1,0,-,2,6,4
2058,514,2,CRV_M1,0,-,2,6,5
2060,515,0,CRV_M1,0,-,2,6,6
2062,515,2,CRV_M1,0,-,2,6,7
2064,516,0,CRV_M1,0,-,2,6,8
2066,516,2,CRV_M1,0,-,2,6,9
2068,517,0,CRV_M1,0,-,2,6,10
2070,517,2,CRV_M1,0,-,2,6,11
2072,518,0,CRV_M1,0,-,2,6,12
2074,518,2,CRV_M1,0,-,2,6,13
2076,519,0,CRV_M1,0,-,2,6,14
2078,519,2,CRV_M1,0,-,2,6,15
2080,520,0,CRV_M2,0,-,2,6,16
2082,520,2,CRV_M2,0,-,2,6,17
2084,521,0,CRV_M2,0,-,2,6,18
2086,521,2,CRV_M2,0,-,2,6,19
2088,522,0,CRV_M2,0,-,2,6,20
2090,522,2,CRV_M2,0,-,2,6,21
2092,523,0,CRV_M2,0,-,2,6,22
2094,523,2,CRV_M2,0,-,2,6,23
2096,524,0,CRV_M2,0,-,2,6,24
2098,524,2,CRV_M2,0,-,2,6,25
2100,525,0,CRV_M2,0,-,2,6,26
2102,525,2,CRV_M2,0,-,2,6,27
2104,526,0,CRV_M2,0,-,2,6,28
2106,526,2,CRV_M2,0,-,2,6,29
2108,527,0,CRV_M2,0,-,2,6,30
2110,527,2,CRV_M2,0,-,2,6,31
2112,528,0,CRV_M3,0,-,2,6,32
2114,528,2,CRV_M3,0,-,2,6,33
2116,529,0,CRV_M3,0,-,2,6,34
2118,529,2,CRV_M3,0,-,2,6,35
2120,530,0,CRV_M3,0,-,2,6,36
2122,530,2,CRV_M3,0,-,2,6,37
2124,531,0,CRV_M3,0,-,2,6,38
2126,531,2,CRV_M3,0,-,2,6,39
2128,532,0,CRV_M3,0,-,2,6,40
2130,532,2,CRV_M3,0,-,2,6,41
2132,533,0,CRV_M3,0,-,2,6,42
2134,533,2,CRV_M3,0,-,2,6,43
2136,534,0,CRV_M3,0,-,2,6,44
2138,534,2,CRV_M3,0,-,2,6,45
2140,535,0,CRV_M3,0,-,2,6,46
2142,535,2,CRV_M3,0,-,2,6,47
2144,536,0,CRV_M4,0,-,2,6,48
2146,536,2,CRV_M4,0,-,2,6,49
2148,537,0,CRV_M4,0,-,2,6,50
2150,537,2,CRV_M4,0,-,2,6,51
2152,538,0,CRV_M4,0,-,2,6,52
2154,538,2,CRV_M4,0,-,2,6,53
2156,539,0,CRV_M4,0,-,2,6,54
2158,539,2,CRV_M4,0,-,2,6,55
2160,540,0,CRV_M4,0,-,2,6,56
2162,540,2,CRV_M4,0,-,2,6,57
2164,541,0,CRV_M4,0,-,2,6,58
2166,541,2,CRV_M4,0,-,2,6,59
2168,542,0,CRV_M4,0,-,2,6,60
2170,542,2,CRV_M4,0,-,2,6,61
2172,543,0,CRV_M4,0,-,2,6,62
2174,543,2,CRV_M4,0,-,2,6,63
2176,544,0,CRV_M5,0,-,2,7,0
2178,544,2,CRV_M5,0,-,2,7,1
2180,545,0,CRV_M5,0,-,2,7,2
2182,545,2,CRV_M5,0,-,2,7,3
2184,546,0,CRV_M5,0,-,2,7,4
2186,546,2,CRV_M5,0,-,2,7,5
2188,547,0,CRV_M5,0,-,2,7,6
2190,547,2,CRV_M5,0,-,2,7,7
2192,548,0,CRV_M5,0,-,2,7,8
2194,548,2,CRV_M5,0,-,2,7,9
2196,549,0,CRV_M5,0,-,2,7,10
2198,549,2,CRV_M5,0,-,2,7,11
2200,550,0,CRV_M5,0,-,2,7,12
2202,550,2,CRV_M5,0,-,2,7,13
2204,551,0,CRV_M5,0,-,2,7,14
2206,551,2,CRV_M5,0,-,2,7,15
2208,552,0,CRV_M6,0,-,2,7,16
2210,552,2,CRV_M6,0,-,2,7,17
2212,553,0,CRV_M6,0,-,2,7,18
2214,553,2,CRV_M6,0,-,2,7,19
2216,554,0,CRV_M6,0,-,2,7,20
2218,554,2,CRV_M6,0,-,2,7,21
2220,555,0,CRV_M6,0,-,2,7,22
2222,555,2,CRV_M6,0,-,2,7,23
2224,556,0,CRV_M6,0,-,2,7,24
2226,556,2,CRV_M6,0,-,2,7,25
2228,557,0,CRV_M6,0,-,2,7,26
2230,557,2,CRV_M6,0,-,2,7,27
2232,558,0,CRV_M6,0,-,2,7,28
2234,558,2,CRV_M6,0,-,2,7,29
2236,559,0,CRV_M6,0,-,2,7,30
2238,559,2,CRV_M6,0,-,2,7,31
2240,560,0,CRV_M7,0,-,2,7,32
2242,560,2,CRV_M7,0,-,2,7,33
2244,561,0,CRV_M7,0,-,2,7,34
2246,561,2,CRV_M7,0,-,2,7,35
2248,562,0,CRV_M7,0,-,2,7,36
2250,562,2,CRV_M7,0,-,2,7,37
2252,563,0,CRV_M7,0,-,2,7,38
2254,563,2,CRV_M7,0,-,2,7,39
2256,564,0,CRV_M7,0,-,2,7,40
2258,564,2,CRV_M7,0,-,2,7,41
2260,565,0,CRV_M7,0,-,2,7,42
2262,565,2,CRV_M7,0,-,2,7,43
2264,566,0,CRV_M7,0,-,2,7,44
2266,566,2,CRV_M7,0,-,2,7,45
2268,567,0,CRV_M7,0,-,2,7,46
2270,567,2,CRV_M7,0,-,2,7,47
2272,568,0,CRV_M8,0,-,2,7,48
2274,568,2,CRV_M8,0,-,2,7,49
2276,569,0,CRV_M8,0,-,2,7,50
2278,569,2,CRV_M8,0,-,2,7,51
2280,570,0,CRV_M8,0,-,2,7,52
2282,570,2,CRV_M8,0,-,2,7,53
2284,571,0,CRV_M8,0,-,2,7,54
2286,571,2,CRV_M8,0,-,2,7,55
2288,572,0,CRV_M8,0,-,2,7,56
2290,572,2,CRV_M8,0,-,2,7,57
2292,573,0,CRV_M8,0,-,2,7,58
2294,573,2,CRV_M8,0,-,2,7,59
2296,574,0,CRV_M8,0,-,2,7,60
2298,574,2,CRV_M8,0,-,2,7,61
2300,575,0,CRV_M8,0,-,2,7,62
2302,575,2,CRV_M8,0,-,2,7,63
